0.5
0.52
0.54
0.56
0.5800000000000001
0.6000000000000001
0.6200000000000001
0.6300000000000001
0.6500000000000001
0.6700000000000002
0.6900000000000002
0.7100000000000002
0.7300000000000002
0.7400000000000002
0.7400000000000002
0.7500000000000002
0.7700000000000002
0.7800000000000002
0.7800000000000002
0.7800000000000002
0.8000000000000003
0.8100000000000003
0.8200000000000003
0.8300000000000003
0.8400000000000003
0.8500000000000003
0.8600000000000003
0.8500000000000003
0.8400000000000003
0.8500000000000003
0.8600000000000003
0.8800000000000003
0.8600000000000003
0.8600000000000003
0.8500000000000003
0.8600000000000003
0.8800000000000003
0.8700000000000003
0.8800000000000003
0.8900000000000003
0.8800000000000003
0.8700000000000003
0.8700000000000003
0.8600000000000003
0.8600000000000003
0.8800000000000003
0.9000000000000004
0.8800000000000003
0.8800000000000003
0.8600000000000003
0.8600000000000003
0.8700000000000003
0.8700000000000003
0.8800000000000003
0.8800000000000003
0.8800000000000003
0.9000000000000004
0.8800000000000003
0.8800000000000003
0.8800000000000003
0.9000000000000004
0.8900000000000003
0.8800000000000003
0.8800000000000003
0.8900000000000003
0.8900000000000003
0.9000000000000004
0.8800000000000003
0.8600000000000003
0.8800000000000003
0.8600000000000003
0.8800000000000003
0.8600000000000003
0.8500000000000003
0.8300000000000003
0.8200000000000003
0.8300000000000003
0.8200000000000003
0.8000000000000003
0.7900000000000003
0.8100000000000003
0.8300000000000003
0.8500000000000003
0.8600000000000003
0.8400000000000003
0.8600000000000003
0.8400000000000003
0.8500000000000003
0.8600000000000003
0.8800000000000003
0.8900000000000003
0.8800000000000003
0.8900000000000003
0.8700000000000003
0.8600000000000003
0.8500000000000003
0.8500000000000003
0.8700000000000003
0.8600000000000003
0.8400000000000003
0.8600000000000003
0.8400000000000003
0.8300000000000003
0.8400000000000003
0.8600000000000003
0.8500000000000003
0.8300000000000003
0.8500000000000003
0.8700000000000003
0.8900000000000003
0.9000000000000004
0.9000000000000004
0.8800000000000003
0.8800000000000003
0.8900000000000003
0.8700000000000003
0.8600000000000003
0.8500000000000003
0.8700000000000003
0.8600000000000003
0.8800000000000003
0.8600000000000003
0.8600000000000003
0.8400000000000003
0.8500000000000003
0.8300000000000003
0.8400000000000003
0.8400000000000003
0.8400000000000003
0.8200000000000003
0.8000000000000003
0.7900000000000003
0.8100000000000003
0.7900000000000003
0.7900000000000003
0.7800000000000002
0.7700000000000002
0.7900000000000003
0.8000000000000003
0.8200000000000003
0.8300000000000003
0.8400000000000003
0.8300000000000003
0.8200000000000003
0.8200000000000003
0.8100000000000003
0.8100000000000003
0.8100000000000003
0.7900000000000003
0.8000000000000003
0.8100000000000003
0.8200000000000003
0.8100000000000003
0.8300000000000003
0.8300000000000003
0.8300000000000003
0.8500000000000003
0.8400000000000003
0.8300000000000003
0.8200000000000003
0.8000000000000003
0.7800000000000002
0.7900000000000003
0.7700000000000002
0.7600000000000002
0.7800000000000002
0.7800000000000002
0.7600000000000002
0.7600000000000002
0.7600000000000002
0.7400000000000002
0.7400000000000002
0.7400000000000002
0.7500000000000002
0.7400000000000002
0.7500000000000002
0.7300000000000002
0.7100000000000002
0.6900000000000002
0.7000000000000002
0.7100000000000002
0.7200000000000002
0.7100000000000002
0.7200000000000002
0.7400000000000002
0.7300000000000002
0.7100000000000002
0.6900000000000002
0.7000000000000002
0.7200000000000002
0.7300000000000002
0.7500000000000002
0.7500000000000002
0.7300000000000002
0.7400000000000002
0.7600000000000002
0.7700000000000002
0.7700000000000002
0.7700000000000002
0.7500000000000002
0.7700000000000002
0.7600000000000002
0.7600000000000002
0.7600000000000002
0.7600000000000002
0.7600000000000002
0.7700000000000002
0.7800000000000002
0.7700000000000002
0.7600000000000002
0.7700000000000002
0.7700000000000002
0.7500000000000002
0.7700000000000002
0.7600000000000002
0.7500000000000002
0.7300000000000002
0.7500000000000002
0.7700000000000002
0.7600000000000002
0.7400000000000002
0.7300000000000002
0.7300000000000002
0.7500000000000002
0.7500000000000002
0.7600000000000002
0.7400000000000002
0.7300000000000002
0.7100000000000002
0.7200000000000002
0.7400000000000002
0.7500000000000002
0.7400000000000002
0.7400000000000002
0.7400000000000002
0.7400000000000002
0.7300000000000002
0.7300000000000002
0.7100000000000002
0.7200000000000002
0.7100000000000002
0.7100000000000002
0.7100000000000002
0.7100000000000002
0.7200000000000002
0.7400000000000002
0.7200000000000002
0.7000000000000002
0.7100000000000002
0.7000000000000002
0.6900000000000002
0.6700000000000002
0.6700000000000002
0.6700000000000002
0.6800000000000002
0.6600000000000001
0.6400000000000001
0.6300000000000001
0.6300000000000001
0.6100000000000001
0.6200000000000001
0.6100000000000001
0.6000000000000001
0.6100000000000001
0.6100000000000001
0.6300000000000001
0.6100000000000001
0.6100000000000001
0.6000000000000001
0.6200000000000001
0.6100000000000001
0.6000000000000001
0.5900000000000001
0.5700000000000001
0.5700000000000001
0.5900000000000001
0.5900000000000001
0.5900000000000001
0.5700000000000001
0.5900000000000001
0.5700000000000001
0.5700000000000001
0.56
0.54
0.53
0.52
0.53
0.55
0.54
0.52
0.51
0.52
0.54
0.56
0.5700000000000001
0.55
0.55
0.53
0.54
0.56
0.5800000000000001
0.5900000000000001
0.5900000000000001
0.6000000000000001
0.5900000000000001
0.5700000000000001
0.56
0.54
0.54
0.56
0.55
0.54
0.52
0.51
0.53
0.53
0.51
0.52
0.52
0.51
0.51
0.53
0.51
0.49
0.48
0.45999999999999996
0.44999999999999996
0.42999999999999994
0.4099999999999999
0.4099999999999999
0.41999999999999993
0.3999999999999999
0.3999999999999999
0.3799999999999999
0.3699999999999999
0.3799999999999999
0.3899999999999999
0.3999999999999999
0.3799999999999999
0.3999999999999999
0.3899999999999999
0.4099999999999999
0.42999999999999994
0.4099999999999999
0.3999999999999999
0.4099999999999999
0.3899999999999999
0.3799999999999999
0.3699999999999999
0.3799999999999999
0.3899999999999999
0.3899999999999999
0.3899999999999999
0.3799999999999999
0.3899999999999999
0.3699999999999999
0.34999999999999987
0.32999999999999985
0.31999999999999984
0.2999999999999998
0.2799999999999998
0.2599999999999998
0.2699999999999998
0.2499999999999998
0.2599999999999998
0.24999999999999978
0.24999999999999978
0.24999999999999978
0.24999999999999978
0.2299999999999998
0.2099999999999998
0.1899999999999998
0.19999999999999982
0.19999999999999982
0.1899999999999998
0.16999999999999982
0.1599999999999998
0.13999999999999982
0.13999999999999982
0.11999999999999982
0.09999999999999981
0.09999999999999981
0.08999999999999982
0.08999999999999982
0.07999999999999982
0.09999999999999983
0.08999999999999983
0.10999999999999983
0.09999999999999984
0.10999999999999983
0.08999999999999983
0.08999999999999983
0.10999999999999983
0.12999999999999984
0.12999999999999984
0.13999999999999985
0.15999999999999984
0.14999999999999983
0.13999999999999982
0.13999999999999982
0.11999999999999982
0.13999999999999982
0.11999999999999982
0.09999999999999981
0.07999999999999981
0.059999999999999803
0.07999999999999981
0.07999999999999981
0.059999999999999803
0.07999999999999981
0.06999999999999981
0.08999999999999982
0.10999999999999982
0.1299999999999998
0.11999999999999982
0.11999999999999982
0.09999999999999981
0.1099999999999998
0.0899999999999998
0.0699999999999998
0.049999999999999795
0.029999999999999794
0.019999999999999796
0.01
0.02
0.02
0.01
0.01
0.01
0.04
0.04
0.03
0.019999999999999997
0.01
0.01
0.01
0.02
0.01
0.04
0.05
0.04
0.05
0.030000000000000002
0.010000000000000002
0.03
0.019999999999999997
0.01
0.05
0.04
0.04
0.04
0.05
0.05
0.030000000000000002
0.030000000000000002
0.05
0.04
0.02
0.01
0.01
0.01
0.01
0.02
0.01
0.03
0.009999999999999998
0.02
0.04
0.03
0.03
0.009999999999999998
0.02
0.05
0.060000000000000005
0.04000000000000001
0.05000000000000001
0.03000000000000001
0.04000000000000001
0.030000000000000006
0.020000000000000004
0.04000000000000001
0.020000000000000007
0.020000000000000007
0.030000000000000006
0.030000000000000006
0.020000000000000004
0.04000000000000001
0.020000000000000007
0.020000000000000007
0.020000000000000007
0.030000000000000006
0.020000000000000004
0.020000000000000004
0.030000000000000006
0.04000000000000001
0.04000000000000001
0.030000000000000006
0.030000000000000006
0.05
0.04
0.02
0.03
0.009999999999999998
0.05
0.030000000000000002
0.04
0.02
0.02
0.01
0.02
0.01
0.02
0.5
0.52
0.53
0.53
0.52
0.51
0.5
0.52
0.54
0.56
0.55
0.5700000000000001
0.5700000000000001
0.5700000000000001
0.5800000000000001
0.6000000000000001
0.5800000000000001
0.6000000000000001
0.6000000000000001
0.6100000000000001
0.6100000000000001
0.6200000000000001
0.6100000000000001
0.6300000000000001
0.6400000000000001
0.6500000000000001
0.6600000000000001
0.6400000000000001
0.6500000000000001
0.6600000000000001
0.6600000000000001
0.6800000000000002
0.6600000000000001
0.6700000000000002
0.6900000000000002
0.6900000000000002
0.6900000000000002
0.7000000000000002
0.7100000000000002
0.7000000000000002
0.7100000000000002
0.7100000000000002
0.7100000000000002
0.7200000000000002
0.7300000000000002
0.7300000000000002
0.7400000000000002
0.7300000000000002
0.7400000000000002
0.7600000000000002
0.7700000000000002
0.7500000000000002
0.7400000000000002
0.7200000000000002
0.7100000000000002
0.7000000000000002
0.7100000000000002
0.7200000000000002
0.7100000000000002
0.6900000000000002
0.7000000000000002
0.6800000000000002
0.6600000000000001
0.6500000000000001
0.6500000000000001
0.6700000000000002
0.6900000000000002
0.7100000000000002
0.7000000000000002
0.6900000000000002
0.7000000000000002
0.6800000000000002
0.6800000000000002
0.6800000000000002
0.6600000000000001
0.6400000000000001
0.6400000000000001
0.6300000000000001
0.6100000000000001
0.6300000000000001
0.6300000000000001
0.6300000000000001
0.6100000000000001
0.6100000000000001
0.6000000000000001
0.5800000000000001
0.5800000000000001
0.5800000000000001
0.5700000000000001
0.55
0.5700000000000001
0.55
0.5700000000000001
0.5700000000000001
0.56
0.56
0.56
0.5700000000000001
0.55
0.54
0.55
0.55
0.53
0.51
0.52
0.52
0.53
0.55
0.53
0.52
0.54
0.54
0.54
0.54
0.53
0.54
0.56
0.55
0.54
0.52
0.52
0.54
0.52
0.52
0.54
0.54
0.52
0.52
0.52
0.51
0.53
0.51
0.53
0.52
0.51
0.49
0.49
0.51
0.53
0.53
0.55
0.53
0.52
0.51
0.5
0.5
0.5
0.51
0.5
0.5
0.5
0.49
0.51
0.52
0.51
0.5
0.5
0.48
0.47
0.48
0.49
0.5
0.52
0.5
0.5
0.48
0.47
0.44999999999999996
0.43999999999999995
0.41999999999999993
0.4099999999999999
0.3899999999999999
0.3999999999999999
0.4099999999999999
0.3899999999999999
0.3699999999999999
0.34999999999999987
0.33999999999999986
0.3599999999999999
0.34999999999999987
0.33999999999999986
0.34999999999999987
0.3599999999999999
0.3599999999999999
0.33999999999999986
0.34999999999999987
0.34999999999999987
0.33999999999999986
0.31999999999999984
0.33999999999999986
0.3599999999999999
0.3699999999999999
0.3699999999999999
0.3899999999999999
0.3899999999999999
0.3799999999999999
0.3799999999999999
0.3699999999999999
0.3699999999999999
0.3699999999999999
0.3799999999999999
0.3699999999999999
0.34999999999999987
0.32999999999999985
0.32999999999999985
0.30999999999999983
0.2899999999999998
0.2699999999999998
0.2499999999999998
0.22999999999999982
0.2199999999999998
0.19999999999999982
0.1899999999999998
0.1799999999999998
0.1599999999999998
0.16999999999999982
0.1599999999999998
0.1599999999999998
0.13999999999999982
0.1299999999999998
0.1099999999999998
0.1299999999999998
0.1499999999999998
0.1299999999999998
0.1099999999999998
0.1099999999999998
0.1099999999999998
0.0899999999999998
0.1099999999999998
0.0899999999999998
0.0699999999999998
0.049999999999999795
0.0699999999999998
0.0599999999999998
0.049999999999999795
0.0599999999999998
0.049999999999999795
0.029999999999999794
0.009999999999999794
0.05
0.030000000000000002
0.05
0.05
0.030000000000000002
0.010000000000000002
0.03
0.009999999999999998
0.02
0.01
0.02
0.01
0.01
0.04
0.04
0.03
0.019999999999999997
0.01
0.05
0.030000000000000002
0.030000000000000002
0.020000000000000004
0.030000000000000006
0.030000000000000006
0.020000000000000004
3.469446951953614e-18
0.01
0.02
0.03
0.04
0.03
0.009999999999999998
0.04
0.04
0.04
0.02
0.03
0.019999999999999997
0.01
0.03
0.019999999999999997
0.01
0.02
0.01
0.01
0.01
0.01
0.01
0.01
0.01
0.01
0.01
0.01
0.01
0.01
0.01
0.01
0.01
0.01
0.01
0.01
0.01
0.01
0.01
0.01
0.01
0.01
0.01
0.01
0.01
0.01
0.01
0.01
0.01
0.01
0.01
0.01
0.01
0.01
0.01
0.01
0.01
0.01
0.01
0.01
0.01
0.01
0.01
0.01
0.01
0.01
0.01
0.01
0.01
0.01
0.01
0.01
0.01
0.01
0.01
0.01
0.01
0.01
0.01
0.01
0.01
0.01
0.01
0.01
0.01
0.01
0.01
0.01
0.01
0.01
0.01
0.01
0.01
0.01
0.01
0.01
0.01
0.01
0.01
0.01
0.01
0.01
0.01
0.01
0.01
0.01
0.01
0.01
0.01
0.01
0.01
0.01
0.01
0.01
0.01
0.01
0.01
0.01
0.01
0.01
0.01
0.01
0.01
0.01
0.01
0.01
0.01
0.01
0.01
0.01
0.01
0.01
0.01
0.01
0.01
0.01
0.01
0.01
0.01
0.01
0.01
0.01
0.01
0.01
0.01
0.01
0.01
0.01
0.01
0.01
0.01
0.01
0.01
0.01
0.01
0.01
0.01
0.01
0.01
0.01
0.01
0.01
0.01
0.01
0.01
0.01
0.01
0.01
0.01
0.01
0.01
0.01
0.01
0.01
0.01
0.01
0.01
0.01
0.01
0.01
0.01
0.01
0.01
0.01
0.01
0.01
0.01
0.01
0.01
0.01
0.01
0.01
0.01
0.01
0.01
0.01
0.01
0.01
0.01
0.01
0.01
0.01
0.01
0.01
0.01
0.01
0.01
0.01
0.01
0.01
0.01
0.01
0.01
0.01
0.01
0.01
0.01
0.01
0.01
0.01
0.01
0.01
0.01
0.01
0.01
0.01
0.01
0.01
0.01
0.01
0.01
0.01
0.01
0.01
0.01
0.01
0.01
0.01
0.01
0.01
0.01
0.01
0.01
0.01
0.01
0.01
0.01
0.01
0.5
0.51
0.53
0.54
0.56
0.5800000000000001
0.5700000000000001
0.5900000000000001
0.6000000000000001
0.6000000000000001
0.5900000000000001
0.6000000000000001
0.5900000000000001
0.5900000000000001
0.5800000000000001
0.5900000000000001
0.5800000000000001
0.5700000000000001
0.5800000000000001
0.6000000000000001
0.6000000000000001
0.6100000000000001
0.6300000000000001
0.6400000000000001
0.6500000000000001
0.6300000000000001
0.6200000000000001
0.6400000000000001
0.6500000000000001
0.6500000000000001
0.6700000000000002
0.6500000000000001
0.6700000000000002
0.6500000000000001
0.6500000000000001
0.6500000000000001
0.6400000000000001
0.6500000000000001
0.6600000000000001
0.6700000000000002
0.6800000000000002
0.6600000000000001
0.6600000000000001
0.6700000000000002
0.6800000000000002
0.6800000000000002
0.6800000000000002
0.6900000000000002
0.6800000000000002
0.6600000000000001
0.6600000000000001
0.6400000000000001
0.6400000000000001
0.6200000000000001
0.6200000000000001
0.6100000000000001
0.6200000000000001
0.6200000000000001
0.6200000000000001
0.6100000000000001
0.6200000000000001
0.6200000000000001
0.6000000000000001
0.6100000000000001
0.6200000000000001
0.6100000000000001
0.5900000000000001
0.5700000000000001
0.5700000000000001
0.5700000000000001
0.5800000000000001
0.56
0.56
0.56
0.54
0.53
0.51
0.5
0.49
0.5
0.49
0.49
0.47
0.47
0.47
0.48
0.47
0.45999999999999996
0.48
0.47
0.49
0.48
0.49
0.49
0.47
0.45999999999999996
0.47
0.45999999999999996
0.47
0.44999999999999996
0.47
0.44999999999999996
0.42999999999999994
0.4099999999999999
0.41999999999999993
0.3999999999999999
0.3799999999999999
0.3999999999999999
0.3999999999999999
0.3999999999999999
0.3899999999999999
0.3699999999999999
0.3599999999999999
0.33999999999999986
0.33999999999999986
0.31999999999999984
0.2999999999999998
0.2799999999999998
0.2799999999999998
0.2699999999999998
0.2599999999999998
0.2599999999999998
0.2699999999999998
0.2799999999999998
0.2599999999999998
0.2399999999999998
0.2299999999999998
0.2299999999999998
0.2299999999999998
0.2399999999999998
0.2199999999999998
0.2099999999999998
0.1999999999999998
0.1799999999999998
0.1799999999999998
0.1599999999999998
0.16999999999999982
0.1899999999999998
0.16999999999999982
0.14999999999999983
0.14999999999999983
0.15999999999999984
0.13999999999999985
0.14999999999999986
0.13999999999999985
0.15999999999999984
0.16999999999999985
0.14999999999999986
0.12999999999999987
0.10999999999999986
0.10999999999999986
0.09999999999999987
0.07999999999999986
0.07999999999999986
0.05999999999999986
0.05999999999999986
0.04999999999999986
0.05999999999999986
0.07999999999999986
0.06999999999999987
0.049999999999999864
0.029999999999999864
0.009999999999999863
0.03
0.04
0.03
0.019999999999999997
0.03
0.009999999999999998
0.01
0.04
0.02
0.02
0.01
0.05
0.05
0.04
0.03
0.019999999999999997
0.03
0.009999999999999998
0.02
0.01
0.03
0.019999999999999997
0.02
0.01
0.03
0.009999999999999998
0.02
0.01
0.01
0.01
0.01
0.01
0.01
0.01
0.02
0.01
0.01
0.01
0.02
0.01
0.01
0.02
0.01
0.01
0.01
0.01
0.03
0.009999999999999998
0.01
0.01
0.01
0.01
0.01
0.01
0.01
0.02
0.01
0.02
0.01
0.01
0.01
0.01
0.01
0.03
0.009999999999999998
0.01
0.01
0.01
0.03
0.009999999999999998
0.01
0.01
0.01
0.01
0.01
0.01
0.01
0.01
0.01
0.01
0.01
0.01
0.01
0.01
0.01
0.01
0.01
0.01
0.03
0.009999999999999998
0.01
0.01
0.01
0.01
0.01
0.01
0.01
0.01
0.01
0.01
0.01
0.01
0.01
0.01
0.01
0.01
0.01
0.01
0.01
0.01
0.01
0.01
0.01
0.01
0.02
0.01
0.01
0.05
0.04
0.03
0.03
0.019999999999999997
0.01
0.03
0.019999999999999997
0.01
0.02
0.01
0.01
0.01
0.01
0.01
0.01
0.01
0.01
0.01
0.01
0.01
0.01
0.01
0.01
0.01
0.01
0.01
0.01
0.01
0.01
0.01
0.01
0.01
0.01
0.01
0.01
0.01
0.01
0.01
0.01
0.01
0.01
0.01
0.01
0.01
0.01
0.01
0.01
0.01
0.01
0.01
0.01
0.01
0.01
0.01
0.01
0.01
0.01
0.01
0.01
0.01
0.01
0.01
0.01
0.01
0.01
0.01
0.01
0.01
0.01
0.01
0.01
0.01
0.01
0.01
0.01
0.01
0.01
0.01
0.01
0.01
0.01
0.01
0.01
0.01
0.01
0.01
0.01
0.01
0.01
0.01
0.01
0.01
0.01
0.01
0.01
0.01
0.01
0.01
0.01
0.01
0.01
0.01
0.01
0.01
0.01
0.01
0.01
0.01
0.01
0.01
0.01
0.01
0.01
0.01
0.01
0.01
0.01
0.01
0.01
0.01
0.01
0.01
0.01
0.01
0.01
0.01
0.01
0.01
0.01
0.01
0.01
0.01
0.01
0.01
0.01
0.01
0.01
0.01
0.01
0.01
0.01
0.01
0.01
0.01
0.01
0.01
0.01
0.01
0.01
0.01
0.01
0.01
0.01
0.01
0.01
0.01
0.01
0.01
0.01
0.01
0.01
0.01
0.01
0.01
0.01
0.01
0.01
0.01
0.01
0.01
0.01
0.01
0.01
0.01
0.01
0.01
0.01
0.01
0.01
0.01
0.01
0.01
0.01
0.01
0.01
0.01
0.01
0.01
0.01
0.01
0.01
0.01
0.01
0.01
0.01
0.01
0.01
0.01
0.01
0.01
0.01
0.01
0.01
0.01
0.01
0.01
0.01
0.01
0.01
0.01
0.01
0.01
0.01
0.01
0.01
0.01
0.01
0.01
0.01
0.01
0.01
0.01
0.01
0.01
0.01
0.01
0.01
0.01
0.01
0.01
0.01
0.5
0.52
0.52
0.54
0.54
0.56
0.56
0.5700000000000001
0.5700000000000001
0.5900000000000001
0.5800000000000001
0.5900000000000001
0.6100000000000001
0.6200000000000001
0.6100000000000001
0.6100000000000001
0.6100000000000001
0.6300000000000001
0.6500000000000001
0.6500000000000001
0.6700000000000002
0.6600000000000001
0.6800000000000002
0.6600000000000001
0.6500000000000001
0.6300000000000001
0.6300000000000001
0.6400000000000001
0.6600000000000001
0.6500000000000001
0.6500000000000001
0.6600000000000001
0.6400000000000001
0.6300000000000001
0.6300000000000001
0.6200000000000001
0.6000000000000001
0.6200000000000001
0.6400000000000001
0.6200000000000001
0.6000000000000001
0.6100000000000001
0.6200000000000001
0.6100000000000001
0.6000000000000001
0.5800000000000001
0.56
0.5700000000000001
0.55
0.54
0.54
0.52
0.51
0.51
0.5
0.48
0.49
0.49
0.47
0.45999999999999996
0.43999999999999995
0.41999999999999993
0.4099999999999999
0.42999999999999994
0.4099999999999999
0.3899999999999999
0.3699999999999999
0.3699999999999999
0.3799999999999999
0.3999999999999999
0.3799999999999999
0.3699999999999999
0.3699999999999999
0.3899999999999999
0.3799999999999999
0.3699999999999999
0.3699999999999999
0.3599999999999999
0.3799999999999999
0.3699999999999999
0.3699999999999999
0.34999999999999987
0.33999999999999986
0.31999999999999984
0.2999999999999998
0.2899999999999998
0.2999999999999998
0.2899999999999998
0.2999999999999998
0.2999999999999998
0.2899999999999998
0.2799999999999998
0.2599999999999998
0.2699999999999998
0.2599999999999998
0.2599999999999998
0.2699999999999998
0.2499999999999998
0.2399999999999998
0.2199999999999998
0.22999999999999982
0.2199999999999998
0.2399999999999998
0.2499999999999998
0.22999999999999982
0.20999999999999983
0.21999999999999983
0.20999999999999983
0.19999999999999982
0.1899999999999998
0.1899999999999998
0.1899999999999998
0.16999999999999982
0.16999999999999982
0.14999999999999983
0.12999999999999984
0.13999999999999985
0.11999999999999984
0.09999999999999984
0.07999999999999984
0.06999999999999984
0.05999999999999984
0.049999999999999836
0.049999999999999836
0.049999999999999836
0.06999999999999984
0.06999999999999984
0.07999999999999984
0.06999999999999984
0.06999999999999984
0.049999999999999836
0.049999999999999836
0.029999999999999836
0.009999999999999835
0.01
0.03
0.03
0.04
0.02
0.02
0.02
0.01
0.01
0.01
0.02
0.02
0.01
0.01
0.01
0.04
0.02
0.05
0.030000000000000002
0.020000000000000004
0.010000000000000004
0.02
0.01
0.01
0.02
0.01
0.01
0.01
0.02
0.03
0.019999999999999997
0.04
0.04
0.02
0.01
0.01
0.01
0.03
0.009999999999999998
0.05
0.030000000000000002
0.010000000000000002
0.01
0.02
0.01
0.01
0.01
0.01
0.01
0.02
0.01
0.02
0.01
0.01
0.02
0.01
0.01
0.02
0.02
0.01
0.03
0.009999999999999998
0.01
0.02
0.02
0.04
0.03
0.019999999999999997
0.03
0.009999999999999998
0.01
0.01
0.02
0.01
0.01
0.01
0.01
0.01
0.01
0.01
0.01
0.01
0.01
0.04
0.02
0.01
0.01
0.01
0.02
0.01
0.01
0.01
0.02
0.01
0.01
0.01
0.01
0.01
0.01
0.01
0.01
0.01
0.02
0.01
0.01
0.01
0.01
0.01
0.01
0.01
0.01
0.02
0.01
0.01
0.01
0.01
0.01
0.01
0.01
0.01
0.01
0.01
0.01
0.01
0.01
0.01
0.01
0.01
0.01
0.01
0.01
0.01
0.01
0.01
0.01
0.01
0.01
0.01
0.01
0.01
0.01
0.01
0.01
0.01
0.01
0.01
0.01
0.01
0.01
0.01
0.01
0.01
0.01
0.01
0.01
0.01
0.01
0.01
0.01
0.01
0.01
0.01
0.01
0.01
0.01
0.01
0.01
0.01
0.01
0.01
0.01
0.01
0.01
0.01
0.01
0.01
0.01
0.01
0.01
0.01
0.01
0.01
0.01
0.01
0.01
0.01
0.01
0.01
0.01
0.01
0.01
0.01
0.01
0.01
0.01
0.01
0.01
0.01
0.01
0.01
0.01
0.01
0.01
0.01
0.01
0.01
0.01
0.01
0.01
0.01
0.01
0.01
0.01
0.01
0.01
0.01
0.01
0.01
0.01
0.01
0.01
0.01
0.01
0.01
0.01
0.01
0.01
0.01
0.01
0.01
0.01
0.01
0.01
0.01
0.01
0.01
0.01
0.01
0.01
0.01
0.01
0.01
0.01
0.01
0.01
0.01
0.01
0.01
0.01
0.01
0.01
0.01
0.01
0.01
0.01
0.01
0.01
0.01
0.01
0.01
0.01
0.01
0.01
0.01
0.01
0.01
0.01
0.01
0.01
0.01
0.01
0.01
0.01
0.01
0.01
0.01
0.01
0.01
0.01
0.01
0.01
0.01
0.01
0.01
0.01
0.01
0.01
0.01
0.01
0.01
0.01
0.01
0.01
0.01
0.01
0.01
0.01
0.01
0.01
0.01
0.01
0.01
0.01
0.01
0.01
0.01
0.01
0.01
0.01
0.01
0.01
0.01
0.01
0.01
0.01
0.01
0.01
0.01
0.01
0.01
0.01
0.01
0.01
0.01
0.01
0.01
0.01
0.01
0.01
0.01
0.01
0.01
0.01
0.01
0.01
0.01
0.01
0.01
0.01
0.01
0.01
0.01
0.01
0.01
0.01
0.01
0.01
0.01
0.01
0.01
0.01
0.01
0.01
0.01
0.01
0.01
0.01
0.01
0.01
0.01
0.01
0.01
0.01
0.01
0.01
0.01
0.01
0.01
0.01
0.01
0.01
0.01
0.01
0.01
0.01
0.01
0.01
0.01
