0.6931909918785095
0.6928929090499878
0.6926997303962708
0.6925280094146729
0.6922734975814819
0.6918942928314209
0.691796064376831
0.691520094871521
0.6913650631904602
0.6911118030548096
0.6904574632644653
0.6902568340301514
0.6899948716163635
0.6897215247154236
0.6896342635154724
0.6894123554229736
0.6889398097991943
0.6886385679244995
0.6881183981895447
0.6881114840507507
0.687518298625946
0.687503457069397
0.6869708299636841
0.6862578988075256
0.6863988637924194
0.6854931712150574
0.6855159401893616
0.6850808262825012
0.6852702498435974
0.6850658059120178
0.6848551630973816
0.6846475005149841
0.6833798885345459
0.6828765273094177
0.6826960444450378
0.6830574870109558
0.6829785704612732
0.6818558573722839
0.6815792918205261
0.6813287138938904
0.6806808114051819
0.6806649565696716
0.6792360544204712
0.6799121499061584
0.6790629625320435
0.6797739863395691
0.6789816617965698
0.6783716678619385
0.6776544451713562
0.6780124306678772
0.6773710250854492
0.6773968935012817
0.6761478781700134
0.6764147877693176
0.6749435067176819
0.6749523282051086
0.6747645139694214
0.673917829990387
0.6732275485992432
0.6737609505653381
0.6739477515220642
0.6710128784179688
0.6709126830101013
0.6716136932373047
0.6705146431922913
0.6697957515716553
0.6694785952568054
0.6684039831161499
0.6657593846321106
0.6683230996131897
0.6683329343795776
0.666448175907135
0.6657439470291138
0.6639554500579834
0.6642266511917114
0.6611647009849548
0.6606516242027283
0.6610596179962158
0.6603859066963196
0.6605956554412842
0.6595144867897034
0.6593274474143982
0.65815269947052
0.658858597278595
0.6569222211837769
0.657141923904419
0.6553647518157959
0.6565974354743958
0.6540050506591797
0.6560289859771729
0.6537569761276245
0.6524691581726074
0.6516819000244141
0.651552677154541
0.6513521671295166
0.6505433917045593
0.6470427513122559
0.650047779083252
0.6480777263641357
0.6473239064216614
0.6454623341560364
0.6456757187843323
0.6438938975334167
0.6424046158790588
0.6435520648956299
0.6414878368377686
0.6399854421615601
0.6407216191291809
0.6427463889122009
0.6411229968070984
0.6400877237319946
0.6401981711387634
0.6373974680900574
0.6366201043128967
0.6371912360191345
0.6350361704826355
0.6344370245933533
0.63315749168396
0.6313609480857849
0.632092297077179
0.633146345615387
0.6282728314399719
0.6286113262176514
0.626250147819519
0.6262576580047607
0.6239486336708069
0.6219197511672974
0.6230784058570862
0.6211699843406677
0.6196936964988708
0.6180300712585449
0.615924060344696
0.6139716506004333
0.6137418746948242
0.6103993058204651
0.6106330752372742
0.6084564328193665
0.6081419587135315
0.6069753766059875
0.6044251918792725
0.6027107834815979
0.6010948419570923
0.6016332507133484
0.5992418527603149
0.5978060960769653
0.5961785912513733
0.5934255123138428
0.5917302370071411
0.5868704319000244
0.5863383412361145
0.585663914680481
0.5825835466384888
0.5785043835639954
0.5790123343467712
0.5797707438468933
0.5739510655403137
0.5751089453697205
0.5720208287239075
0.5688585638999939
0.5669214129447937
0.5621774196624756
0.5589872002601624
0.5565707683563232
0.5542917251586914
0.5511800050735474
0.5481038093566895
0.5489043593406677
0.5438087582588196
0.5404532551765442
0.5375596284866333
0.5351837277412415
0.5311440825462341
0.5274052619934082
0.5242499113082886
0.5235089063644409
0.5192946195602417
0.5175794959068298
0.5104958415031433
0.509354293346405
0.5055848360061646
0.5014651417732239
0.5009183883666992
0.4957197904586792
0.49354928731918335
0.492002010345459
0.4870222210884094
0.48151862621307373
0.47911325097084045
0.4760195314884186
0.4738122820854187
0.4708731174468994
0.4665606617927551
0.4660698473453522
0.46092793345451355
0.45724645256996155
0.45639434456825256
0.4538574516773224
0.4466416835784912
0.44636425375938416
0.4406110346317291
0.4406861662864685
0.43731245398521423
0.4336794316768646
0.4288936257362366
0.4235093593597412
0.41918104887008667
0.4170316159725189
0.413765549659729
0.4076792895793915
0.40406534075737
0.40327757596969604
0.39954182505607605
0.39418303966522217
0.3935815989971161
0.38762167096138
0.38380664587020874
0.3805300295352936
0.37813514471054077
0.37430545687675476
0.37187397480010986
0.3650144338607788
0.36124786734580994
0.3563154637813568
0.35454273223876953
0.35321664810180664
0.34782153367996216
0.3439578115940094
0.3434184193611145
0.33599942922592163
0.33350691199302673
0.3302651643753052
0.3266943395137787
0.3249795138835907
0.3198305666446686
0.31710001826286316
0.31456154584884644
0.30954399704933167
0.3063620328903198
0.3025015890598297
0.3021275997161865
0.2975630462169647
0.29420414566993713
0.28899291157722473
0.28728607296943665
0.2870672643184662
0.2839979827404022
0.27816563844680786
0.27402469515800476
0.2723742723464966
0.26888230443000793
0.26566001772880554
0.2602198123931885
0.26010215282440186
0.25698497891426086
0.2559904456138611
0.24905051290988922
0.24727626144886017
0.24453072249889374
0.24087239801883698
0.23740798234939575
0.23574241995811462
0.23277758061885834
0.22990821301937103
0.23141957819461823
0.22701826691627502
0.2252935767173767
0.2205788493156433
0.22148634493350983
0.2194327563047409
0.21516045928001404
0.21435070037841797
0.21042434871196747
0.2086876481771469
0.20659314095973969
0.2029673457145691
0.2033928483724594
0.1992601901292801
0.1970217227935791
0.19726428389549255
0.193293958902359
0.1909513771533966
0.19014550745487213
0.18907609581947327
0.18429429829120636
0.18172679841518402
0.18046793341636658
0.17948196828365326
0.1782953441143036
0.17657747864723206
0.1725752055644989
0.17317640781402588
0.1695811152458191
0.16919773817062378
0.16862258315086365
0.16700705885887146
0.16638824343681335
0.16455543041229248
0.16112612187862396
0.16009213030338287
0.15955805778503418
0.15863466262817383
0.15736724436283112
0.15932773053646088
0.1548156589269638
0.15260492265224457
0.1497248113155365
0.14861859381198883
0.1474747508764267
0.14677761495113373
0.14456920325756073
0.14337195456027985
0.1416243314743042
0.1372612565755844
0.13622286915779114
0.13363368809223175
0.1334950178861618
0.13473500311374664
0.13233162462711334
0.13045747578144073
0.1280372142791748
0.1253654956817627
0.1261996030807495
0.12319358438253403
0.12281184643507004
0.1211962178349495
0.11829814314842224
0.1173672303557396
0.11390207707881927
0.11279212683439255
0.11202576756477356
0.11019955575466156
0.10824946314096451
0.1069016084074974
0.1069139763712883
0.10447923839092255
0.10430403798818588
0.10203646123409271
0.10150220990180969
0.09931806474924088
0.09788510203361511
0.09753561019897461
0.09714145213365555
0.09728357195854187
0.09318236261606216
0.0927477702498436
0.09321853518486023
0.09028387814760208
0.08889903873205185
0.08802945911884308
0.08694569021463394
0.08566251397132874
0.08577041327953339
0.08422300964593887
0.08318429440259933
0.08183013647794724
0.08234717696905136
0.07886631786823273
0.07790850847959518
0.0771075040102005
0.0755234807729721
0.07348882406949997
0.07340970635414124
0.07212667167186737
0.07138442993164062
0.07030749320983887
0.06882146745920181
0.06829190999269485
0.06744352728128433
0.06728240102529526
0.06540089845657349
0.06418675184249878
0.06372024118900299
0.06262283027172089
0.06162144988775253
0.061424028128385544
0.06049150601029396
0.059600867331027985
0.05864095315337181
0.058298807591199875
0.057040151208639145
0.0565137080848217
0.0564156100153923
0.05532659590244293
0.054551608860492706
0.053880706429481506
0.05413252115249634
0.053021613508462906
0.05283437669277191
0.05232211574912071
0.05210454389452934
0.05101264640688896
0.0508161224424839
0.050081346184015274
0.049870312213897705
0.04978903755545616
0.04974000155925751
0.048995502293109894
0.04867314547300339
0.04829549044370651
0.04778927564620972
0.04697473719716072
0.04710560664534569
0.04628419876098633
0.04557390138506889
0.04524146020412445
0.044627029448747635
0.04447726532816887
0.043794143944978714
0.04350645840167999
0.04346213489770889
0.04277724027633667
0.04324129968881607
0.04302975907921791
0.04260307550430298
0.04207860305905342
0.04173703491687775
0.04101060703396797
0.04115802422165871
0.04008401185274124
0.03976386412978172
0.039340000599622726
0.03889559954404831
0.03837726637721062
0.03800921142101288
0.03767421469092369
0.0373784601688385
0.03681553155183792
0.03660062327980995
0.03626980260014534
0.03607209771871567
0.035930078476667404
0.035474713891744614
0.035051051527261734
0.03478957712650299
0.03449254110455513
0.03418906033039093
0.0340597964823246
0.03366536274552345
0.033667635172605515
0.03347477689385414
0.033209528774023056
0.03301865607500076
0.03266555815935135
0.03215960040688515
0.03222239762544632
0.03200297802686691
0.03148886188864708
0.03177805244922638
0.0312679223716259
0.030986467376351357
0.03087269701063633
0.03092030994594097
0.030748838558793068
0.030364783480763435
0.03000820055603981
0.029895586892962456
0.02980010025203228
0.029465241357684135
0.02917753905057907
0.028986956924200058
0.02882811427116394
0.028552422299981117
0.028519531711935997
0.02826821245253086
0.028186436742544174
0.028041016310453415
0.02793887071311474
0.02774069830775261
0.02742985635995865
0.027298448607325554
0.026994530111551285
0.026900656521320343
0.026902632787823677
0.02699400670826435
0.026555439457297325
0.026481429114937782
0.02611967734992504
0.026157302781939507
0.025677984580397606
0.025321409106254578
0.025334477424621582
0.025269702076911926
0.024976469576358795
0.024935757741332054
0.024693647399544716
0.024289261549711227
0.02436477690935135
0.024079423397779465
0.023760218173265457
0.023564781993627548
0.023523468524217606
0.023419862613081932
0.02315312623977661
0.023042067885398865
0.023077592253684998
0.02291300892829895
0.022604048252105713
0.02243206463754177
0.0223487950861454
0.02229784056544304
0.021956199780106544
0.021889925003051758
0.02150316908955574
0.02161088027060032
0.021440528333187103
0.021163951605558395
0.020978355780243874
0.02086603455245495
0.020673485472798347
0.020469192415475845
0.020372023805975914
0.020253052935004234
0.6921132802963257
0.6906711459159851
0.6886950135231018
0.6872661709785461
0.6854963898658752
0.684102475643158
0.6825013756752014
0.6818754076957703
0.6797835826873779
0.6775869727134705
0.6771430373191833
0.6755402684211731
0.6743146181106567
0.672051727771759
0.6701593399047852
0.6688680052757263
0.6668407320976257
0.6645320653915405
0.6630280613899231
0.660651445388794
0.6588651537895203
0.6563433408737183
0.6536238789558411
0.6508768200874329
0.6489653587341309
0.6460192799568176
0.6437124609947205
0.6397606134414673
0.6361527442932129
0.6328719854354858
0.6287592053413391
0.6262632608413696
0.6216463446617126
0.6170139312744141
0.6136881113052368
0.6097519993782043
0.6038906574249268
0.6003603339195251
0.59498530626297
0.5889471173286438
0.5838078856468201
0.5768316984176636
0.5735990405082703
0.5670998692512512
0.5608783960342407
0.5549681186676025
0.5492542386054993
0.5413920283317566
0.5345817804336548
0.5281153321266174
0.5246670842170715
0.5186974406242371
0.5092045664787292
0.5023633241653442
0.4961208403110504
0.4909636378288269
0.4835028052330017
0.47516146302223206
0.46802347898483276
0.4616243243217468
0.45262500643730164
0.4488776922225952
0.4402170777320862
0.432548850774765
0.4278285801410675
0.42137208580970764
0.41471609473228455
0.41271594166755676
0.4070305824279785
0.4011484384536743
0.3910154700279236
0.3890838623046875
0.3838232159614563
0.3758051097393036
0.3715856671333313
0.36522915959358215
0.3612954616546631
0.3548889756202698
0.3504360020160675
0.34770524501800537
0.3431518077850342
0.3392731249332428
0.33218684792518616
0.32662540674209595
0.3226284980773926
0.31940963864326477
0.3132091164588928
0.30998319387435913
0.3085996210575104
0.3013499081134796
0.2993261516094208
0.2951339781284332
0.2901923656463623
0.28615090250968933
0.28369128704071045
0.28069964051246643
0.2773616313934326
0.27324408292770386
0.2692681849002838
0.2661740481853485
0.26249566674232483
0.25900334119796753
0.25409913063049316
0.2526339888572693
0.24789993464946747
0.2473367601633072
0.2421688437461853
0.24430420994758606
0.2390734702348709
0.2324882447719574
0.2316039651632309
0.2283233106136322
0.2270072102546692
0.22249850630760193
0.21963921189308167
0.2152399867773056
0.21361149847507477
0.21179072558879852
0.2058812528848648
0.20556508004665375
0.20134055614471436
0.20026065409183502
0.1954500526189804
0.19376763701438904
0.19305148720741272
0.1892455518245697
0.18740643560886383
0.18390385806560516
0.1819821447134018
0.1793474704027176
0.1762816607952118
0.17359383404254913
0.1714649349451065
0.17030684649944305
0.1660684049129486
0.1635953187942505
0.16095131635665894
0.16042876243591309
0.15918144583702087
0.1543380469083786
0.15016694366931915
0.15028685331344604
0.14933526515960693
0.1444675773382187
0.14271590113639832
0.1398906111717224
0.13766498863697052
0.13699010014533997
0.13454946875572205
0.13140328228473663
0.12811821699142456
0.1277768611907959
0.12607473134994507
0.1261865347623825
0.12346687912940979
0.11789679527282715
0.11980286240577698
0.11694464087486267
0.11328475922346115
0.11369692534208298
0.11310243606567383
0.10987939685583115
0.10766101628541946
0.10692548751831055
0.10359854996204376
0.10204149037599564
0.09862244129180908
0.09734983742237091
0.09356709569692612
0.09393619745969772
0.09031366556882858
0.08914725482463837
0.08809886127710342
0.08659030497074127
0.08457259833812714
0.0814037099480629
0.0805683359503746
0.07782872766256332
0.07789327949285507
0.07631620019674301
0.07419227063655853
0.07237379252910614
0.07107773423194885
0.07048293203115463
0.06795349717140198
0.06701917946338654
0.06470559537410736
0.06412704288959503
0.06361829489469528
0.06192582845687866
0.06157083064317703
0.05974496528506279
0.05978747457265854
0.0582447312772274
0.05739189684391022
0.05591006577014923
0.054176121950149536
0.05427362769842148
0.05182088539004326
0.05135481059551239
0.052546948194503784
0.04849622771143913
0.0492672361433506
0.04623284190893173
0.04674028232693672
0.04564884305000305
0.04390377178788185
0.04192128777503967
0.041264235973358154
0.04061443358659744
0.039846021682024
0.038489580154418945
0.03753984719514847
0.037228941917419434
0.03572141379117966
0.03530434891581535
0.03445107489824295
0.033634383231401443
0.03244832158088684
0.03218007832765579
0.03058016672730446
0.030749954283237457
0.030532656237483025
0.029732810333371162
0.028804738074541092
0.028699185699224472
0.028026467189192772
0.027289122343063354
0.02670283056795597
0.02610207349061966
0.02556738257408142
0.024813108146190643
0.024730585515499115
0.023915914818644524
0.023407772183418274
0.023103298619389534
0.022585956379771233
0.021910740062594414
0.02138010412454605
0.021197102963924408
0.02079823426902294
0.020702902227640152
0.020141681656241417
0.019684214144945145
0.019140850752592087
0.018868302926421165
0.0184134840965271
0.01805897429585457
0.01776324026286602
0.017516404390335083
0.017150314524769783
0.016770130023360252
0.016789326444268227
0.016523735597729683
0.01603471115231514
0.015676310285925865
0.015419809147715569
0.015277966856956482
0.015057508833706379
0.014814873225986958
0.014440903440117836
0.014426574110984802
0.014226815663278103
0.01391406450420618
0.013503869995474815
0.013341628015041351
0.01317719928920269
0.013241770677268505
0.012991225346922874
0.01262056827545166
0.012421407736837864
0.012396914884448051
0.012302962131798267
0.01203844789415598
0.011780675500631332
0.011790940538048744
0.011525512672960758
0.011282614432275295
0.011191305704414845
0.011022994294762611
0.010813792236149311
0.010782357305288315
0.010585240088403225
0.010401859879493713
0.010280843824148178
0.010195649228990078
0.00998364295810461
0.009901016019284725
0.00979965552687645
0.009693769738078117
0.009615839459002018
0.009509041905403137
0.009429828263819218
0.009227607399225235
0.009174343198537827
0.00908446405082941
0.009055377915501595
0.008912020362913609
0.008848708122968674
0.00875164195895195
0.0086752874776721
0.008619982749223709
0.008485719561576843
0.008434860967099667
0.008388098329305649
0.008350837044417858
0.008215975016355515
0.008182368241250515
0.008079293183982372
0.00808076374232769
0.008052562363445759
0.00797192845493555
0.007878908887505531
0.007867002859711647
0.00784266646951437
0.007745445240288973
0.007724630180746317
0.007654685061424971
0.0076398649252951145
0.007573673967272043
0.007511939853429794
0.007494528777897358
0.007412525359541178
0.0074256653897464275
0.007362349424511194
0.007355581969022751
0.007322913501411676
0.00729117589071393
0.0072455923072993755
0.007189691066741943
0.007184377871453762
0.007194226607680321
0.0071587772108614445
0.007109636440873146
0.007094878237694502
0.007056636270135641
0.007059543393552303
0.007023744285106659
0.006992744281888008
0.006968224886804819
0.006961063016206026
0.006942864041775465
0.0069190580397844315
0.006921194959431887
0.006915277801454067
0.006898864172399044
0.006878672167658806
0.0068998998031020164
0.006891201250255108
0.006864339113235474
0.006852650083601475
0.006831836421042681
0.0068640392273664474
0.006802625488489866
0.006839222740381956
0.00679701566696167
0.006821011193096638
0.006835846230387688
0.006870232056826353
0.006821883376687765
0.006779644638299942
0.006801279727369547
0.006823631934821606
0.006786951795220375
0.006847919896245003
0.006853362545371056
0.006824027746915817
0.006808680947870016
0.006796406581997871
0.006818803492933512
0.006812498904764652
0.0068325805477797985
0.006830538623034954
0.006806394550949335
0.00680034002289176
0.006815486121922731
0.006852902937680483
0.00682677049189806
0.006812443025410175
0.006840692833065987
0.006789321079850197
0.00678293127566576
0.00679731834679842
0.00682686036452651
0.00676749786362052
0.006807404104620218
0.006791909225285053
0.006795132998377085
0.0068024336360394955
0.006794475484639406
0.006756586488336325
0.006787343416363001
0.006816356908529997
0.006802064832299948
0.006830565631389618
0.006820677779614925
0.0067982785403728485
0.00680517079308629
0.006774221546947956
0.006782198324799538
0.006796071771532297
0.006766678765416145
0.006762579549103975
0.006781498435884714
0.006757411640137434
0.006788847967982292
0.006769001949578524
0.00678752176463604
0.006771220359951258
0.0067941658198833466
0.006782264914363623
0.006762745790183544
0.006758242379873991
0.006755262613296509
0.006765417288988829
0.006789061240851879
0.006776116322726011
0.006790881510823965
0.006775981746613979
0.00674855150282383
0.00678231893107295
0.006788670551031828
0.006782060954719782
0.006798896472901106
0.006798952352255583
0.006744233891367912
0.006734007969498634
0.006760644726455212
0.0067870356142520905
0.006739715579897165
0.006801126059144735
0.0067566498182713985
0.006762876641005278
0.006767182610929012
0.006753373425453901
0.006787391845136881
0.006773490458726883
0.0067765116691589355
0.0067515610717237
0.006757024209946394
0.006748242769390345
0.006707022897899151
0.0067867618054151535
0.00670938054099679
0.006764807738363743
0.006755648646503687
0.006764943245798349
0.0067712245509028435
0.00677507882937789
0.006780051160603762
0.006726543419063091
0.006718769203871489
0.006782956421375275
0.006747834850102663
0.006772856693714857
0.006745605263859034
0.006726823281496763
0.006711007095873356
0.006741213146597147
0.006737874820828438
0.006769802421331406
0.006714805960655212
0.006745161022990942
0.00678080040961504
0.00675307447090745
0.006746586412191391
0.006774486042559147
0.0067748017609119415
0.006730034481734037
0.006750107742846012
0.00675003370270133
0.006749363616108894
0.006726894993335009
0.006735403090715408
0.006739347707480192
0.006739346776157618
0.006737007759511471
0.006726863794028759
0.00671357661485672
0.006772245280444622
0.00673733651638031
0.006760936696082354
0.006712897215038538
0.006703091785311699
0.0067563652992248535
0.006733321119099855
0.006722658406943083
0.006707575637847185
0.006745850667357445
0.00672919163480401
0.006707758642733097
0.006741072051227093
0.006713631562888622
0.006713998503983021
0.006709791719913483
0.006753223482519388
0.0066729262471199036
0.006726460997015238
0.006714586168527603
0.006679076701402664
0.0066956025548279285
0.006669029593467712
0.00668695941567421
0.006704830098897219
0.006722227204591036
0.006677498109638691
0.006708489265292883
0.0066562918946146965
0.0067134699784219265
0.006758578587323427
0.00672679441049695
0.006714295130223036
0.692605197429657
0.6888112425804138
0.6860527992248535
0.6839084029197693
0.6813903450965881
0.6790793538093567
0.675130307674408
0.6726976633071899
0.6709798574447632
0.667786717414856
0.6643922328948975
0.6608349680900574
0.6574340462684631
0.6543093919754028
0.6510668992996216
0.6466629505157471
0.6424237489700317
0.637904703617096
0.6333885788917542
0.6289531588554382
0.6220818758010864
0.6161159873008728
0.6106690168380737
0.605782151222229
0.5988762378692627
0.5914270877838135
0.5833348631858826
0.5771360993385315
0.5684170126914978
0.5602632164955139
0.5508908629417419
0.5416028499603271
0.5314657092094421
0.5222247838973999
0.5121535658836365
0.5002386569976807
0.4904445707798004
0.4796234667301178
0.4701070785522461
0.4587938189506531
0.4491446316242218
0.43741366267204285
0.4267614483833313
0.41764959692955017
0.4073846638202667
0.3943701684474945
0.3857632875442505
0.3755686581134796
0.3660360872745514
0.35762226581573486
0.3482913672924042
0.33809399604797363
0.3292088508605957
0.322602778673172
0.3149918019771576
0.3067570924758911
0.29845356941223145
0.2926183342933655
0.2845747172832489
0.278734028339386
0.2721599042415619
0.26461195945739746
0.2570015788078308
0.25282958149909973
0.24768304824829102
0.24079029262065887
0.23597972095012665
0.22905316948890686
0.22531139850616455
0.21810799837112427
0.2169514149427414
0.21083404123783112
0.20311935245990753
0.1985190212726593
0.19669602811336517
0.1919485628604889
0.1868826001882553
0.18271133303642273
0.17644907534122467
0.17548076808452606
0.16989634931087494
0.1683053821325302
0.16312377154827118
0.15995199978351593
0.155401349067688
0.1522650569677353
0.14855092763900757
0.1456591635942459
0.1444053202867508
0.1415129452943802
0.13855037093162537
0.13573890924453735
0.13325418531894684
0.12910576164722443
0.12492760270833969
0.12339938431978226
0.12103583663702011
0.11846326291561127
0.11677432060241699
0.11284327507019043
0.11103536188602448
0.10901247709989548
0.10854528099298477
0.10240235179662704
0.10143297165632248
0.0991285964846611
0.09696193039417267
0.09631182253360748
0.09334227442741394
0.09141862392425537
0.08898043632507324
0.08750630915164948
0.08506163954734802
0.08383441716432571
0.08172312378883362
0.07889508455991745
0.07718350738286972
0.07515054941177368
0.07420894503593445
0.0717846006155014
0.07036326825618744
0.0683472752571106
0.06690306216478348
0.06605549156665802
0.06441569328308105
0.0623016431927681
0.06060337275266647
0.05984887853264809
0.05838126689195633
0.05725782364606857
0.05661714822053909
0.055227894335985184
0.05339612066745758
0.0523664765059948
0.05052177608013153
0.04948897287249565
0.049066461622714996
0.048026226460933685
0.04670862853527069
0.04545639082789421
0.04378668591380119
0.043324921280145645
0.042116519063711166
0.041396066546440125
0.040755875408649445
0.040228471159935
0.03923684358596802
0.037962473928928375
0.036939702928066254
0.0361771434545517
0.035502322018146515
0.034357041120529175
0.03376306593418121
0.03306538611650467
0.031935013830661774
0.030789857730269432
0.0304600577801466
0.030116787180304527
0.029731489717960358
0.02892959490418434
0.028023695573210716
0.02738528698682785
0.026722999289631844
0.026332227513194084
0.02587403543293476
0.02561161480844021
0.024921884760260582
0.024501921609044075
0.02376568131148815
0.02335324138402939
0.02310919761657715
0.02239229530096054
0.02195742540061474
0.021568171679973602
0.021320631727576256
0.020763669162988663
0.020561954006552696
0.020058922469615936
0.019408218562602997
0.0191411804407835
0.01875576749444008
0.018442023545503616
0.018041592091321945
0.017847372218966484
0.017424698919057846
0.017029251903295517
0.016698671504855156
0.016612067818641663
0.016092246398329735
0.015896065160632133
0.01551610417664051
0.01509807724505663
0.014871299266815186
0.014592777006328106
0.01432128343731165
0.014041472226381302
0.013744798488914967
0.013491636142134666
0.013293113559484482
0.012956253252923489
0.012789794243872166
0.01251200307160616
0.012292143888771534
0.012018509209156036
0.011878838762640953
0.01160886324942112
0.011407875455915928
0.011192983016371727
0.011010468006134033
0.010932564735412598
0.010651474818587303
0.010439163073897362
0.010253868997097015
0.010061072185635567
0.00994931161403656
0.009730583988130093
0.009620750322937965
0.00942189246416092
0.009314499795436859
0.009203868918120861
0.009026359766721725
0.008846313692629337
0.008720869198441505
0.008581528440117836
0.008463718928396702
0.008358782157301903
0.008359195664525032
0.008102861233055592
0.00802017655223608
0.007845288142561913
0.007767676841467619
0.0077018700540065765
0.007510641124099493
0.007433388382196426
0.007332985755056143
0.007196849677711725
0.0071580419316887856
0.007069749757647514
0.006948788184672594
0.006869696546345949
0.006772073917090893
0.006674721837043762
0.006598938722163439
0.006532290484756231
0.006435353308916092
0.006387435831129551
0.006228412967175245
0.0061759259551763535
0.006105858366936445
0.006062238477170467
0.005959379021078348
0.00604234216734767
0.005832464434206486
0.005781024228781462
0.0057240319438278675
0.005625178571790457
0.005560120567679405
0.005499056540429592
0.0054607633501291275
0.005371706560254097
0.005332313012331724
0.0052583287470042706
0.005228344816714525
0.005128027405589819
0.005095663480460644
0.00506068579852581
0.005020521115511656
0.00497060501947999
0.004908021539449692
0.004861032590270042
0.004822869319468737
0.004811089485883713
0.004747793078422546
0.004748156294226646
0.004693856928497553
0.004602749366313219
0.004582994617521763
0.004586468916386366
0.004545775707811117
0.004486472345888615
0.004619226325303316
0.0044861650094389915
0.004453062545508146
0.004433501046150923
0.004336752463132143
0.004283061716705561
0.004344463814049959
0.004285596776753664
0.004215969238430262
0.004229424986988306
0.004138611257076263
0.004112412221729755
0.004083788022398949
0.004057292826473713
0.004029098432511091
0.00400179997086525
0.003984700422734022
0.003970185294747353
0.003923035226762295
0.003910963889211416
0.003892631037160754
0.0038541897665709257
0.0038370094262063503
0.0038166441954672337
0.0037999965716153383
0.0037686433643102646
0.0037679639644920826
0.003734978148713708
0.0037119502667337656
0.0036967024207115173
0.0036877612583339214
0.003659017849713564
0.0036535945255309343
0.0036424000281840563
0.003599111456423998
0.0036073699593544006
0.003579226788133383
0.003551829606294632
0.0035407193936407566
0.003541611833497882
0.003524370491504669
0.0035174323711544275
0.0034859671723097563
0.0034937290474772453
0.003477142658084631
0.003449290059506893
0.0034631851594895124
0.0034594067838042974
0.003420847002416849
0.0034498595632612705
0.00340878963470459
0.0034118129406124353
0.003397730877622962
0.003392576240003109
0.0033781654201447964
0.0033886157907545567
0.003350301645696163
0.0033359627705067396
0.0033491128124296665
0.003362067509442568
0.0033621143084019423
0.003312116488814354
0.003330174135044217
0.0033302525989711285
0.003309287829324603
0.003332293126732111
0.0033051148056983948
0.0032958160154521465
0.003294209251180291
0.003284115344285965
0.003299032337963581
0.0032687876373529434
0.0032943265978246927
0.003278575139120221
0.0032937629148364067
0.0032927533611655235
0.003285386133939028
0.00327479699626565
0.003289313055574894
0.0032852422446012497
0.003279454540461302
0.0032768731471151114
0.003281984943896532
0.003278647782281041
0.003278106451034546
0.0032808161340653896
0.0032849442213773727
0.00324228429235518
0.003292899811640382
0.0032798247411847115
0.0032733608968555927
0.0032684938050806522
0.003270126413553953
0.0032557272352278233
0.0032751194667071104
0.003280697390437126
0.003291406901553273
0.0032543845009058714
0.0032716882415115833
0.003265779698267579
0.0032644853927195072
0.0032595160882920027
0.0032570064067840576
0.003279472002759576
0.0032901547383517027
0.003297535004094243
0.0032717802096158266
0.0032625317107886076
0.0032698584254831076
0.0032722142059355974
0.003269430948421359
0.003255636664107442
0.003282831981778145
0.003282130928710103
0.0032617186661809683
0.0032720835879445076
0.003276960691437125
0.0032893430907279253
0.0032471008598804474
0.0032997296657413244
0.0032382854260504246
0.003273807233199477
0.003260025754570961
0.0032722139731049538
0.0032471558079123497
0.0032854974269866943
0.00325176864862442
0.0032643130980432034
0.0032702384050935507
0.0032604001462459564
0.0032577302772551775
0.003275260329246521
0.0032616346143186092
0.003256147727370262
0.003284205449745059
0.0032498249784111977
0.0032576601952314377
0.003274310380220413
0.0032644537277519703
0.003248739754781127
0.0032779977191239595
0.003263902384787798
0.003263824386522174
0.003265176434069872
0.0032896248158067465
0.0032517421059310436
0.003247393760830164
0.0032650248613208532
0.0032581721898168325
0.0032667983323335648
0.0032543891575187445
0.0032440382055938244
0.0032380095217376947
0.0032516196370124817
0.0032673408277332783
0.0032557582017034292
0.0032644581515341997
0.0032532229088246822
0.003256710711866617
0.0032720044255256653
0.003243706887587905
0.003250089241191745
0.003261598525568843
0.003252297407016158
0.003248381894081831
0.0032584471628069878
0.00326050678268075
0.003263134276494384
0.003253278788179159
0.003267541527748108
0.0032552219927310944
0.0032513511832803488
0.0032529570162296295
0.003258082317188382
0.0032602010760456324
0.003246071981266141
0.0032427385449409485
0.0032533302437514067
0.0032534338533878326
0.0032491744495928288
0.0032613298390060663
0.003264071885496378
0.0032762472983449697
0.0032631440553814173
0.0032702127937227488
0.0032554136123508215
0.003252288792282343
0.003241944359615445
0.0032488072756677866
0.0032598376274108887
0.0032510850578546524
0.0032384844962507486
0.0032589100301265717
0.003247378161177039
0.0032609349582344294
0.0032528452575206757
0.0032439222559332848
0.0032543411944061518
0.003261932637542486
0.0032430833671242
0.0032285803463310003
0.0032343005295842886
0.0032532447949051857
0.0032639068085700274
0.003245733445510268
0.00324679515324533
0.0032238070853054523
0.0032274320255964994
0.003252397757023573
0.003260980825871229
0.00324334017932415
0.0032683357130736113
0.0032620292622596025
0.0032605649903416634
0.0032360965851694345
0.0032562650740146637
0.0032566124573349953
0.003247518092393875
0.003238863544538617
0.003255325136706233
0.0032436687033623457
0.003252994967624545
0.003224458545446396
0.003244430758059025
0.0032472466118633747
0.003243151120841503
0.003230973146855831
0.0032551910262554884
0.003236716380342841
0.003244665451347828
0.00324055552482605
0.003237293101847172
0.6930550932884216
0.6892755627632141
0.6861627101898193
0.6821375489234924
0.6781586408615112
0.6749020218849182
0.670543372631073
0.6682292819023132
0.6627622842788696
0.6590349078178406
0.6543567776679993
0.6507326364517212
0.6467944979667664
0.6406744718551636
0.6365588903427124
0.6307054758071899
0.6251986622810364
0.6186856627464294
0.6132351756095886
0.6056942939758301
0.5983569622039795
0.5935633182525635
0.5833554267883301
0.5759024620056152
0.5673185586929321
0.5575137734413147
0.5500006079673767
0.5390615463256836
0.5307632684707642
0.5196646451950073
0.5097066164016724
0.4989544749259949
0.48699885606765747
0.47924724221229553
0.4672083854675293
0.4554929733276367
0.44427770376205444
0.4353444576263428
0.4247552752494812
0.4120434820652008
0.40290820598602295
0.39227864146232605
0.3837048411369324
0.3721086382865906
0.3641689419746399
0.3537592589855194
0.3434249758720398
0.3332839012145996
0.3254880905151367
0.31617414951324463
0.30773165822029114
0.2973414361476898
0.2894720733165741
0.28189241886138916
0.2748519778251648
0.2655971050262451
0.2592722773551941
0.2525508403778076
0.24382489919662476
0.23686997592449188
0.23085340857505798
0.22265607118606567
0.2171330451965332
0.2129066288471222
0.20613104104995728
0.20123615860939026
0.1934979110956192
0.1888301968574524
0.1831275373697281
0.1782076507806778
0.17549435794353485
0.16968700289726257
0.166305810213089
0.16263198852539062
0.15873675048351288
0.15331028401851654
0.14957495033740997
0.14496968686580658
0.14215466380119324
0.1400611400604248
0.13672910630702972
0.13249993324279785
0.1289810687303543
0.1254936307668686
0.12377691268920898
0.11997521668672562
0.11658653616905212
0.11412577331066132
0.1120104268193245
0.10822908580303192
0.10682548582553864
0.10356245934963226
0.10164885967969894
0.09974147379398346
0.09691141545772552
0.09482666850090027
0.09382244199514389
0.09063293039798737
0.08907532691955566
0.08749064803123474
0.08542478829622269
0.08272098004817963
0.08219422399997711
0.07937948405742645
0.0786016508936882
0.07578215003013611
0.07459589838981628
0.07231644541025162
0.07169059664011002
0.07036034762859344
0.06849649548530579
0.06739582121372223
0.06502040475606918
0.06401407718658447
0.062281589955091476
0.06096499040722847
0.059637125581502914
0.058503586798906326
0.057469118386507034
0.05562327802181244
0.05437672138214111
0.05352668836712837
0.05199471488595009
0.05081004649400711
0.04977574199438095
0.048971980810165405
0.04776831716299057
0.04733909294009209
0.04591255635023117
0.04501745104789734
0.04372236132621765
0.04288753494620323
0.04200377315282822
0.040814176201820374
0.040159400552511215
0.0397472009062767
0.03874228522181511
0.03806592524051666
0.037155311554670334
0.036439262330532074
0.035620372742414474
0.034998778253793716
0.034559231251478195
0.033810026943683624
0.03320137783885002
0.032789722084999084
0.031988341361284256
0.03134773299098015
0.030873125419020653
0.030444461852312088
0.029805628582835197
0.02990386076271534
0.028912881389260292
0.028276564553380013
0.027814660221338272
0.027303354814648628
0.02677159197628498
0.026348421350121498
0.026081508025527
0.025531476363539696
0.025009486824274063
0.024517761543393135
0.024180442094802856
0.023824764415621758
0.0233866386115551
0.02292112447321415
0.022982336580753326
0.022181687876582146
0.02170923352241516
0.02133004367351532
0.020923886448144913
0.02080303616821766
0.02027597464621067
0.020255593582987785
0.019719935953617096
0.019328460097312927
0.018909690901637077
0.01872244104743004
0.018237346783280373
0.017959872260689735
0.0176829993724823
0.017343424260616302
0.0170736201107502
0.016971541568636894
0.016515914350748062
0.016277121379971504
0.015912657603621483
0.015603747218847275
0.015495373867452145
0.015150926075875759
0.014902177266776562
0.014711238443851471
0.014403522945940495
0.014144382439553738
0.014034690335392952
0.013652073219418526
0.013546883128583431
0.013311091810464859
0.01307268999516964
0.013000266626477242
0.012791378423571587
0.012537301518023014
0.012408684939146042
0.012172304093837738
0.011997004970908165
0.011838429607450962
0.011663936078548431
0.011468320153653622
0.011299116536974907
0.011129072867333889
0.010975003242492676
0.010809055529534817
0.01071387529373169
0.01063251681625843
0.010436820797622204
0.010237165726721287
0.010145869106054306
0.010180537588894367
0.009928455576300621
0.009783707559108734
0.009582940489053726
0.009554813615977764
0.009430350735783577
0.009220797568559647
0.009125866927206516
0.009012061171233654
0.00892501138150692
0.00880784634500742
0.00866047665476799
0.008567849174141884
0.008496254682540894
0.008368290960788727
0.008356531150639057
0.00813968013972044
0.008077500388026237
0.007998345419764519
0.007939820177853107
0.007764068432152271
0.007752127945423126
0.007654170971363783
0.0075799874030053616
0.007452425081282854
0.007393798790872097
0.007308576721698046
0.007245485205203295
0.00718468613922596
0.007078607566654682
0.007019741926342249
0.006976543925702572
0.006903508212417364
0.006776788271963596
0.0066977813839912415
0.006658982951194048
0.006563423667103052
0.006539987865835428
0.006487845443189144
0.006408423185348511
0.006310265976935625
0.0062465062364935875
0.006215942092239857
0.006148256827145815
0.006168697029352188
0.006044626701623201
0.005964329000562429
0.005911777727305889
0.005875871982425451
0.005829853471368551
0.0058565265499055386
0.005756729748100042
0.005738183856010437
0.005645167548209429
0.0056526013650000095
0.005624846555292606
0.005569518078118563
0.005476207472383976
0.005468500778079033
0.005462002940475941
0.0053991773165762424
0.005397595465183258
0.005330859683454037
0.005321879405528307
0.00531606562435627
0.005240661092102528
0.005235339980572462
0.005238145589828491
0.005168280564248562
0.005167210474610329
0.005151150748133659
0.005122760776430368
0.005078472197055817
0.005060539580881596
0.0050659095868468285
0.005021222401410341
0.004994583781808615
0.004975777585059404
0.004999713972210884
0.004940910264849663
0.004956232383847237
0.004918781109154224
0.004897614475339651
0.004886514041572809
0.004881327040493488
0.0048837861977517605
0.004876900929957628
0.004849906079471111
0.004838094115257263
0.00480668805539608
0.004853448830544949
0.004808331839740276
0.004799169022589922
0.004800900351256132
0.004790645558387041
0.004778281785547733
0.004763766657561064
0.004778856877237558
0.004750443622469902
0.004749187268316746
0.004739381838589907
0.00473763607442379
0.004756681155413389
0.004747836850583553
0.004766833037137985
0.004747534636408091
0.004742351360619068
0.004779599606990814
0.004745672922581434
0.004738961346447468
0.0047619277611374855
0.0047307307831943035
0.004749113228172064
0.004766402766108513
0.004734416492283344
0.004739777185022831
0.004751182161271572
0.004772004205733538
0.00472016166895628
0.004767448175698519
0.0047378214076161385
0.004741371609270573
0.00473736273124814
0.004732993431389332
0.004748831503093243
0.004751760046929121
0.00475249532610178
0.0047474694438278675
0.0047540743835270405
0.004723090212792158
0.004738298244774342
0.0047462680377066135
0.004731769207865
0.004715919494628906
0.0047228685580194
0.004715090151876211
0.004732686560600996
0.0047841547057032585
0.004734229762107134
0.004763027653098106
0.004748810548335314
0.004697016440331936
0.0047262138687074184
0.004758266732096672
0.004705017898231745
0.004720257129520178
0.004745157901197672
0.004728453233838081
0.004707390908151865
0.004748472012579441
0.00473338458687067
0.004723554011434317
0.0047123911790549755
0.004730875138193369
0.004718047566711903
0.0047271945513784885
0.004727724473923445
0.0047281174920499325
0.004723777528852224
0.004745445679873228
0.004728713072836399
0.004725850187242031
0.004693981260061264
0.004738380201160908
0.004736955743283033
0.004715437535196543
0.004718373995274305
0.004690567031502724
0.004739189054816961
0.004743384663015604
0.004714983981102705
0.004728283267468214
0.004734155256301165
0.00473916158080101
0.004718755837529898
0.004735699854791164
0.0047151800245046616
0.004729624837636948
0.004693273920565844
0.0047211190685629845
0.0047158412635326385
0.004726761486381292
0.004711200948804617
0.004699673969298601
0.004733838606625795
0.004719363525509834
0.0046859970316290855
0.004706827457994223
0.0047387187369167805
0.0047172242775559425
0.004714515060186386
0.004711922258138657
0.00475299172103405
0.00469912588596344
0.004698448348790407
0.004709547385573387
0.004708366002887487
0.004740576259791851
0.004726984538137913
0.004706490784883499
0.004725460894405842
0.004712315741926432
0.004701007157564163
0.004709888715296984
0.004690170753747225
0.004705503117293119
0.004676613956689835
0.004699626937508583
0.004707336891442537
0.004679870791733265
0.004699443932622671
0.004692428279668093
0.0046962471678853035
0.004699534736573696
0.0047125620767474174
0.004705313127487898
0.004687943961471319
0.004695024341344833
0.004711710847914219
0.004691977519541979
0.004708611406385899
0.004709536209702492
0.004693710710853338
0.004701127763837576
0.004711753223091364
0.004693889524787664
0.004695297684520483
0.004703465383499861
0.0046976832672953606
0.004690199159085751
0.004683130420744419
0.004695433657616377
0.004689458757638931
0.004687708802521229
0.004685531836003065
0.004703910555690527
0.004677083808928728
0.0047094798646867275
0.00468963198363781
0.0046791983768343925
0.004697002936154604
0.004700451157987118
0.004725872538983822
0.004656617064028978
0.004688441753387451
0.004697210621088743
0.0046946220099925995
0.004662233870476484
0.004698662087321281
0.004686158150434494
0.004679388366639614
0.0046835788525640965
0.004704230464994907
0.004674313124269247
0.004694876726716757
0.004691026639193296
0.004690930247306824
0.004692825023084879
0.004688358400017023
0.00466934172436595
0.004641187842935324
0.0047265831381082535
0.0046984911896288395
0.004666806664317846
0.004714285954833031
0.00467233220115304
0.00467253802344203
0.004709728993475437
0.0046693445183336735
0.004659362602978945
0.004647898953408003
0.004692228510975838
0.004674009513109922
0.004691815469413996
0.004706198815256357
0.0046793571673333645
0.004642890766263008
0.004644737113267183
0.004682083614170551
0.0046690390445292
0.004695596173405647
0.004650845192372799
0.00466263759881258
0.004675174131989479
0.00467054545879364
0.004679656121879816
0.004647755529731512
0.004651736933737993
0.004666980821639299
0.004695996642112732
0.0046919602900743484
0.0046678208746016026
0.004657464101910591
0.004665293265134096
0.004681330639868975
