0.005
0.0051
0.0053
0.0055
0.005699999999999999
0.0058
0.0058
0.0058
0.0056
0.0058
0.005999999999999999
0.0058
0.0056
0.0058
0.0058
0.005999999999999999
0.0060999999999999995
0.0059
0.0060999999999999995
0.0062
0.0062
0.006
0.006
0.0062
0.0063
0.0062
0.0063
0.0063
0.0065
0.0065
0.006699999999999999
0.0065
0.006699999999999999
0.006699999999999999
0.006599999999999999
0.006499999999999999
0.006599999999999999
0.0063999999999999994
0.0062
0.0062
0.006
0.006
0.0059
0.0060999999999999995
0.0062
0.0063
0.0062
0.0060999999999999995
0.006299999999999999
0.006199999999999999
0.006399999999999999
0.006599999999999998
0.006499999999999998
0.006399999999999998
0.006599999999999997
0.006799999999999997
0.006999999999999997
0.007199999999999996
0.007399999999999996
0.007399999999999996
0.007599999999999996
0.007599999999999996
0.007699999999999996
0.007599999999999996
0.007399999999999996
0.007499999999999996
0.007299999999999997
0.007299999999999997
0.007399999999999997
0.007299999999999997
0.007399999999999997
0.007499999999999997
0.007399999999999997
0.0075999999999999965
0.0075999999999999965
0.007399999999999997
0.007499999999999997
0.007499999999999997
0.007399999999999997
0.007299999999999997
0.007099999999999997
0.006999999999999997
0.006899999999999996
0.006899999999999996
0.006799999999999996
0.006799999999999996
0.006799999999999996
0.006999999999999996
0.007099999999999996
0.006999999999999996
0.0071999999999999955
0.007299999999999996
0.0071999999999999955
0.006999999999999996
0.007099999999999996
0.006999999999999996
0.006999999999999996
0.006799999999999996
0.006999999999999996
0.006999999999999996
0.0068999999999999955
0.006999999999999996
0.0071999999999999955
0.007299999999999996
0.007499999999999995
0.007499999999999995
0.007499999999999995
0.007399999999999995
0.007399999999999995
0.007399999999999995
0.007499999999999995
0.007399999999999995
0.0071999999999999955
0.007399999999999995
0.007499999999999995
0.007299999999999996
0.007299999999999996
0.007299999999999996
0.007399999999999996
0.007599999999999996
0.007799999999999995
0.007599999999999996
0.007799999999999995
0.007899999999999996
0.008099999999999996
0.007999999999999997
0.008099999999999996
0.008099999999999996
0.008099999999999996
0.008199999999999995
0.008299999999999995
0.008499999999999995
0.008499999999999995
0.008699999999999996
0.008499999999999995
0.008499999999999995
0.008699999999999996
0.008899999999999996
0.009099999999999997
0.009199999999999996
0.009399999999999997
0.009599999999999997
0.009699999999999997
0.009599999999999997
0.009599999999999997
0.009599999999999997
0.009699999999999997
0.009599999999999997
0.009799999999999998
0.009899999999999997
0.010099999999999998
0.010199999999999997
0.010399999999999998
0.010199999999999997
0.010299999999999997
0.010399999999999996
0.010399999999999996
0.010599999999999997
0.010399999999999996
0.010399999999999996
0.010299999999999997
0.010199999999999997
0.010199999999999997
0.010199999999999997
0.010099999999999998
0.010299999999999998
0.010499999999999999
0.0107
0.0107
0.0106
0.0105
0.010400000000000001
0.0105
0.0103
0.0105
0.010400000000000001
0.010300000000000002
0.010500000000000002
0.010300000000000002
0.010500000000000002
0.010600000000000002
0.010400000000000001
0.0105
0.0106
0.0107
0.010799999999999999
0.0107
0.0109
0.0107
0.010799999999999999
0.0107
0.0109
0.0109
0.0108
0.011000000000000001
0.010900000000000002
0.010900000000000002
0.010900000000000002
0.011100000000000002
0.011300000000000003
0.011400000000000002
0.011600000000000003
0.011800000000000003
0.011900000000000003
0.011800000000000003
0.011900000000000003
0.011800000000000003
0.011800000000000003
0.011700000000000004
0.011700000000000004
0.011800000000000003
0.011700000000000004
0.011500000000000003
0.011300000000000003
0.011200000000000003
0.011000000000000003
0.010800000000000002
0.011000000000000003
0.010900000000000003
0.010800000000000004
0.011000000000000005
0.010900000000000005
0.011100000000000006
0.011200000000000005
0.011200000000000005
0.011000000000000005
0.011100000000000004
0.010900000000000003
0.011100000000000004
0.010900000000000003
0.010700000000000003
0.010800000000000002
0.010700000000000003
0.010600000000000004
0.010500000000000004
0.010500000000000004
0.010400000000000005
0.010200000000000004
0.010000000000000004
0.010100000000000003
0.009900000000000003
0.010100000000000003
0.009900000000000003
0.009800000000000003
0.009700000000000004
0.009500000000000003
0.009400000000000004
0.009200000000000003
0.009300000000000003
0.009200000000000003
0.009100000000000004
0.008900000000000003
0.008900000000000003
0.008700000000000003
0.008700000000000003
0.008800000000000002
0.008800000000000002
0.009000000000000003
0.008800000000000002
0.008600000000000002
0.008400000000000001
0.008300000000000002
0.008100000000000001
0.0079
0.0079
0.0079
0.0078000000000000005
0.0079
0.008100000000000001
0.008100000000000001
0.0079
0.0078000000000000005
0.007600000000000001
0.007600000000000001
0.007700000000000001
0.007600000000000001
0.007700000000000001
0.007600000000000001
0.007700000000000001
0.0075000000000000015
0.007700000000000001
0.0075000000000000015
0.007300000000000002
0.007300000000000002
0.007300000000000002
0.007100000000000002
0.007200000000000002
0.007000000000000003
0.006800000000000003
0.007000000000000003
0.007100000000000003
0.007100000000000003
0.006900000000000003
0.006900000000000003
0.006900000000000003
0.006900000000000003
0.006900000000000003
0.006900000000000003
0.007000000000000004
0.007000000000000004
0.007000000000000004
0.007000000000000004
0.006800000000000004
0.006700000000000004
0.006600000000000003
0.006600000000000003
0.006800000000000003
0.006900000000000003
0.006900000000000003
0.007000000000000004
0.006900000000000003
0.006900000000000003
0.007000000000000004
0.007100000000000004
0.0073000000000000035
0.0073000000000000035
0.007400000000000004
0.007500000000000004
0.007600000000000004
0.007600000000000004
0.007700000000000005
0.007900000000000004
0.007900000000000004
0.007800000000000004
0.007600000000000004
0.007600000000000004
0.007600000000000004
0.007500000000000004
0.007600000000000004
0.007400000000000005
0.007400000000000005
0.007500000000000005
0.007700000000000005
0.007900000000000004
0.008000000000000004
0.008100000000000003
0.008200000000000002
0.008100000000000003
0.008000000000000004
0.007800000000000004
0.007800000000000004
0.007900000000000004
0.008100000000000005
0.008000000000000005
0.008000000000000005
0.007900000000000006
0.008100000000000007
0.007900000000000006
0.007800000000000006
0.008000000000000005
0.007800000000000006
0.007800000000000006
0.007600000000000006
0.007700000000000006
0.007500000000000007
0.007700000000000006
0.007700000000000006
0.007700000000000006
0.007600000000000006
0.007800000000000006
0.007900000000000006
0.008100000000000007
0.008000000000000007
0.008100000000000007
0.008000000000000007
0.008000000000000007
0.008000000000000007
0.008000000000000007
0.0078000000000000074
0.007600000000000008
0.007600000000000008
0.0075000000000000075
0.007300000000000008
0.007100000000000008
0.007000000000000008
0.006900000000000008
0.006800000000000007
0.006600000000000008
0.006400000000000008
0.006400000000000008
0.0062000000000000085
0.006400000000000008
0.0062000000000000085
0.0062000000000000085
0.006000000000000009
0.006100000000000009
0.006300000000000009
0.0062000000000000085
0.0062000000000000085
0.006400000000000008
0.0062000000000000085
0.0062000000000000085
0.006100000000000008
0.006100000000000008
0.0059000000000000085
0.005800000000000008
0.005800000000000008
0.005600000000000009
0.005400000000000009
0.005200000000000009
0.0053000000000000096
0.00540000000000001
0.00540000000000001
0.0053000000000000096
0.00540000000000001
0.00520000000000001
0.00530000000000001
0.00550000000000001
0.00560000000000001
0.005400000000000011
0.005200000000000011
0.005300000000000011
0.005200000000000011
0.005300000000000011
0.005500000000000011
0.005600000000000011
0.005600000000000011
0.0054000000000000116
0.005600000000000011
0.005800000000000011
0.005900000000000011
0.006000000000000011
0.005900000000000011
0.006100000000000011
0.0063000000000000105
0.0063000000000000105
0.006100000000000011
0.005900000000000011
0.006000000000000011
0.006000000000000011
0.005900000000000011
0.005900000000000011
0.006000000000000011
0.005800000000000012
0.005600000000000012
0.005400000000000012
0.005500000000000013
0.005300000000000013
0.005200000000000013
0.005000000000000013
0.004900000000000013
0.0051000000000000125
0.005000000000000012
0.0051000000000000125
0.004900000000000013
0.004700000000000013
0.004600000000000013
0.004600000000000013
0.004600000000000013
0.004500000000000013
0.004700000000000012
0.004700000000000012
0.004800000000000013
0.004900000000000013
0.004800000000000013
0.004900000000000013
0.004800000000000013
0.004800000000000013
0.004700000000000012
0.004800000000000013
0.004700000000000012
0.004600000000000012
0.004800000000000012
0.004600000000000012
0.004800000000000012
0.0047000000000000115
0.004900000000000011
0.005100000000000011
0.005200000000000011
0.005100000000000011
0.005200000000000011
0.005100000000000011
0.004900000000000011
0.004900000000000011
0.004900000000000011
0.005100000000000011
0.005200000000000011
0.005400000000000011
0.005400000000000011
0.005500000000000011
0.005500000000000011
0.005600000000000011
0.005500000000000011
0.005600000000000011
0.005800000000000011
0.005900000000000011
0.005900000000000011
0.005900000000000011
0.005800000000000011
0.005600000000000011
0.005500000000000011
0.005700000000000011
0.005500000000000011
0.005300000000000011
0.005500000000000011
0.005400000000000011
0.00560000000000001
0.00580000000000001
0.00570000000000001
0.005900000000000009
0.005800000000000009
0.006000000000000009
0.0059000000000000085
0.0059000000000000085
0.006000000000000009
0.0059000000000000085
0.0059000000000000085
0.006100000000000008
0.0059000000000000085
0.005700000000000009
0.005700000000000009
0.005600000000000009
0.005
0.0051
0.005
0.0049
0.0050999999999999995
0.0050999999999999995
0.0050999999999999995
0.0052
0.005399999999999999
0.0055
0.005399999999999999
0.005599999999999999
0.005799999999999999
0.0056999999999999985
0.005799999999999999
0.005899999999999999
0.005699999999999999
0.005899999999999999
0.005999999999999999
0.005999999999999999
0.006199999999999999
0.005999999999999999
0.005999999999999999
0.006199999999999999
0.006399999999999999
0.006499999999999999
0.006599999999999999
0.006699999999999999
0.0068
0.0068
0.006999999999999999
0.0070999999999999995
0.006999999999999999
0.006899999999999999
0.007099999999999999
0.006899999999999999
0.006999999999999999
0.006999999999999999
0.007199999999999999
0.007399999999999999
0.007499999999999999
0.0076999999999999985
0.007799999999999999
0.007899999999999999
0.0081
0.0081
0.0083
0.0084
0.0083
0.0084
0.0083
0.0082
0.008400000000000001
0.008600000000000002
0.008600000000000002
0.008700000000000001
0.0088
0.009000000000000001
0.009200000000000002
0.009200000000000002
0.009400000000000002
0.009400000000000002
0.009300000000000003
0.009500000000000003
0.009300000000000003
0.009300000000000003
0.009100000000000002
0.009100000000000002
0.009000000000000003
0.009100000000000002
0.009100000000000002
0.009200000000000002
0.009400000000000002
0.009200000000000002
0.009100000000000002
0.009000000000000003
0.009200000000000003
0.009200000000000003
0.009400000000000004
0.009300000000000004
0.009500000000000005
0.009600000000000004
0.009500000000000005
0.009300000000000004
0.009400000000000004
0.009300000000000004
0.009500000000000005
0.009600000000000004
0.009700000000000004
0.009700000000000004
0.009500000000000003
0.009400000000000004
0.009600000000000004
0.009500000000000005
0.009700000000000005
0.009800000000000005
0.009800000000000005
0.010000000000000005
0.009900000000000006
0.009800000000000007
0.009700000000000007
0.009700000000000007
0.009700000000000007
0.009800000000000007
0.010000000000000007
0.010100000000000007
0.010000000000000007
0.009900000000000008
0.010000000000000007
0.010100000000000007
0.010000000000000007
0.010100000000000007
0.010300000000000007
0.010500000000000008
0.010400000000000008
0.010300000000000009
0.01020000000000001
0.01040000000000001
0.01030000000000001
0.010500000000000011
0.010400000000000012
0.010200000000000011
0.01000000000000001
0.01000000000000001
0.010200000000000011
0.010400000000000012
0.010300000000000012
0.010400000000000012
0.010500000000000011
0.010400000000000012
0.010600000000000012
0.010400000000000012
0.010300000000000012
0.010500000000000013
0.010700000000000013
0.010900000000000014
0.011000000000000013
0.011200000000000014
0.011300000000000013
0.011300000000000013
0.011500000000000014
0.011400000000000014
0.011400000000000014
0.011500000000000014
0.011500000000000014
0.011300000000000013
0.011400000000000013
0.011500000000000012
0.011400000000000013
0.011500000000000012
0.011400000000000013
0.011300000000000013
0.011400000000000013
0.011200000000000012
0.011300000000000011
0.011100000000000011
0.01120000000000001
0.011100000000000011
0.011100000000000011
0.011300000000000011
0.011500000000000012
0.011500000000000012
0.011600000000000011
0.01170000000000001
0.01170000000000001
0.01170000000000001
0.01170000000000001
0.011900000000000011
0.01200000000000001
0.01210000000000001
0.01210000000000001
0.01220000000000001
0.01240000000000001
0.01260000000000001
0.012800000000000011
0.012700000000000012
0.012800000000000011
0.013000000000000012
0.013100000000000011
0.013300000000000011
0.013500000000000012
0.013500000000000012
0.013300000000000011
0.01340000000000001
0.01340000000000001
0.01340000000000001
0.013300000000000011
0.013500000000000012
0.013400000000000013
0.013600000000000013
0.013500000000000014
0.013600000000000013
0.013700000000000013
0.013500000000000012
0.013700000000000013
0.013900000000000013
0.014000000000000012
0.014000000000000012
0.013900000000000013
0.013700000000000013
0.013700000000000013
0.013700000000000013
0.013800000000000012
0.013800000000000012
0.013900000000000011
0.013900000000000011
0.01400000000000001
0.01410000000000001
0.01430000000000001
0.014500000000000011
0.014500000000000011
0.014700000000000012
0.014900000000000012
0.014800000000000013
0.014800000000000013
0.014700000000000013
0.014700000000000013
0.014600000000000014
0.014500000000000015
0.014500000000000015
0.014300000000000014
0.014300000000000014
0.014100000000000014
0.014100000000000014
0.014200000000000013
0.014300000000000012
0.014500000000000013
0.014600000000000012
0.014800000000000013
0.015000000000000013
0.015100000000000013
0.015300000000000013
0.015400000000000013
0.015400000000000013
0.015400000000000013
0.015600000000000013
0.015700000000000013
0.015800000000000012
0.015700000000000013
0.015600000000000013
0.015600000000000013
0.015700000000000013
0.015800000000000012
0.01600000000000001
0.01610000000000001
0.01600000000000001
0.01610000000000001
0.01590000000000001
0.015700000000000013
0.015800000000000012
0.015800000000000012
0.01600000000000001
0.01620000000000001
0.01630000000000001
0.01630000000000001
0.01610000000000001
0.01600000000000001
0.01600000000000001
0.015800000000000012
0.015800000000000012
0.015800000000000012
0.015600000000000011
0.015800000000000012
0.01590000000000001
0.015700000000000013
0.015500000000000012
0.015700000000000013
0.015700000000000013
0.015600000000000013
0.015700000000000013
0.015500000000000012
0.015500000000000012
0.015300000000000012
0.015200000000000012
0.015000000000000012
0.015100000000000011
0.01520000000000001
0.015100000000000011
0.015100000000000011
0.01520000000000001
0.01500000000000001
0.01480000000000001
0.01500000000000001
0.01490000000000001
0.01470000000000001
0.01460000000000001
0.01440000000000001
0.01420000000000001
0.014000000000000009
0.013800000000000008
0.013700000000000009
0.013500000000000009
0.013300000000000008
0.013100000000000007
0.012900000000000007
0.012700000000000006
0.012500000000000006
0.012300000000000005
0.012100000000000005
0.011900000000000004
0.011700000000000004
0.011500000000000003
0.011300000000000003
0.011100000000000002
0.010900000000000002
0.010700000000000001
0.0105
0.0103
0.0101
0.009899999999999999
0.009699999999999999
0.009499999999999998
0.009299999999999998
0.009099999999999997
0.008899999999999996
0.008699999999999996
0.008499999999999995
0.008299999999999995
0.008099999999999994
0.007899999999999994
0.007699999999999994
0.0074999999999999945
0.007299999999999995
0.007099999999999995
0.0068999999999999955
0.006699999999999996
0.006499999999999996
0.006299999999999997
0.006099999999999997
0.005899999999999997
0.005699999999999998
0.005499999999999998
0.005299999999999998
0.005099999999999999
0.004899999999999999
0.004699999999999999
0.0045
0.0043
0.0041
0.0039000000000000003
0.0037
0.0035
0.0033
0.0031
0.0029
0.0026999999999999997
0.0024999999999999996
0.0022999999999999995
0.0020999999999999994
0.0018999999999999993
0.0016999999999999993
0.0014999999999999992
0.001299999999999999
0.001099999999999999
0.000899999999999999
0.000699999999999999
0.000499999999999999
0.00029999999999999905
9.999999999999904e-05
0.0001
0.0001
0.0001
0.0001
0.0001
0.0001
0.0001
0.0001
0.0001
0.0001
0.0001
0.0001
0.0001
0.0001
0.0001
0.0001
0.0001
0.0001
0.0001
0.0001
0.0001
0.0001
0.0001
0.0001
0.0001
0.0001
0.0001
0.0001
0.0001
0.0001
0.0001
0.0001
0.0001
0.0001
0.0001
0.0001
0.0001
0.0001
0.0001
0.0001
0.0001
0.0001
0.0001
0.0001
0.0001
0.0001
0.0001
0.0001
0.0001
0.0001
0.0001
0.0001
0.0001
0.0001
0.0001
0.0001
0.0001
0.0001
0.0001
0.0001
0.0001
0.0001
0.0001
0.0001
0.0001
0.0001
0.0001
0.0001
0.0001
0.0001
0.0001
0.0001
0.0001
0.0001
0.0001
0.0001
0.0001
0.0001
0.0001
0.0001
0.0001
0.0001
0.0001
0.0001
0.0001
0.0001
0.0001
0.0001
0.0001
0.0001
0.0001
0.0001
0.0001
0.0001
0.0001
0.0001
0.0001
0.0001
0.0001
0.0001
0.0001
0.0001
0.0001
0.0001
0.0001
0.0001
0.0001
0.0001
0.0001
0.0001
0.0001
0.0001
0.0001
0.0001
0.0001
0.0001
0.0001
0.0001
0.0001
0.0001
0.0001
0.0001
0.0001
0.0001
0.0001
0.0001
0.0001
0.0001
0.0001
0.0001
0.0001
0.0001
0.0001
0.0001
0.0001
0.0001
0.0001
0.0001
0.0001
0.0001
0.0001
0.0001
0.0001
0.0001
0.0001
0.0001
0.0001
0.0001
0.0001
0.0001
0.0001
0.0001
0.0001
0.005
0.0051
0.0051
0.0053
0.0055
0.0053
0.0054
0.0053
0.0055
0.005699999999999999
0.0058
0.0059
0.0060999999999999995
0.006299999999999999
0.006299999999999999
0.006499999999999999
0.006599999999999999
0.006599999999999999
0.006799999999999999
0.006899999999999999
0.007099999999999999
0.006999999999999998
0.006999999999999998
0.006899999999999998
0.007099999999999998
0.0072999999999999975
0.007499999999999997
0.007699999999999997
0.007899999999999997
0.007999999999999997
0.008199999999999997
0.008299999999999997
0.008499999999999997
0.008699999999999998
0.008899999999999998
0.008899999999999998
0.008999999999999998
0.008799999999999997
0.008999999999999998
0.009199999999999998
0.009299999999999998
0.009399999999999997
0.009399999999999997
0.009599999999999997
0.009699999999999997
0.009799999999999996
0.009699999999999997
0.009799999999999996
0.009699999999999997
0.009499999999999996
0.009699999999999997
0.009899999999999997
0.009699999999999997
0.009499999999999996
0.009399999999999997
0.009399999999999997
0.009599999999999997
0.009599999999999997
0.009799999999999998
0.009899999999999997
0.010099999999999998
0.009999999999999998
0.009999999999999998
0.009999999999999998
0.010199999999999999
0.010299999999999998
0.010199999999999999
0.010299999999999998
0.010099999999999998
0.010099999999999998
0.010099999999999998
0.009899999999999997
0.010099999999999998
0.010199999999999997
0.010099999999999998
0.009899999999999997
0.009899999999999997
0.009899999999999997
0.009799999999999998
0.009899999999999997
0.009999999999999997
0.010199999999999997
0.010299999999999997
0.010399999999999996
0.010299999999999997
0.010499999999999997
0.010399999999999998
0.010399999999999998
0.010299999999999998
0.010499999999999999
0.010599999999999998
0.010799999999999999
0.011
0.011099999999999999
0.011099999999999999
0.011099999999999999
0.011199999999999998
0.010999999999999998
0.010999999999999998
0.010899999999999998
0.010799999999999999
0.011
0.011099999999999999
0.011099999999999999
0.011199999999999998
0.010999999999999998
0.010999999999999998
0.011199999999999998
0.010999999999999998
0.010999999999999998
0.011199999999999998
0.011299999999999998
0.011499999999999998
0.011399999999999999
0.011199999999999998
0.011299999999999998
0.011199999999999998
0.011399999999999999
0.011399999999999999
0.0116
0.0118
0.012
0.0121
0.012
0.012
0.0121
0.011899999999999999
0.0118
0.011899999999999999
0.011999999999999999
0.011999999999999999
0.011799999999999998
0.011999999999999999
0.012199999999999999
0.012299999999999998
0.012499999999999999
0.012599999999999998
0.012799999999999999
0.012599999999999998
0.012799999999999999
0.013
0.013
0.0129
0.0128
0.0128
0.0129
0.0131
0.0132
0.0134
0.0132
0.0133
0.0135
0.0133
0.0135
0.0137
0.0135
0.0134
0.0135
0.0136
0.0135
0.0135
0.0136
0.0138
0.014
0.013900000000000001
0.014
0.0138
0.0137
0.0138
0.014
0.0142
0.014400000000000001
0.014600000000000002
0.014700000000000001
0.014900000000000002
0.015100000000000002
0.015300000000000003
0.015400000000000002
0.015300000000000003
0.015500000000000003
0.015400000000000004
0.015500000000000003
0.015700000000000002
0.015600000000000003
0.0158
0.016
0.0159
0.0161
0.0161
0.0162
0.016399999999999998
0.016599999999999997
0.016799999999999995
0.016899999999999995
0.017099999999999994
0.017299999999999992
0.01749999999999999
0.01749999999999999
0.01769999999999999
0.01789999999999999
0.018099999999999988
0.018099999999999988
0.018099999999999988
0.018299999999999986
0.018099999999999988
0.018099999999999988
0.018299999999999986
0.018299999999999986
0.018199999999999987
0.018299999999999986
0.018199999999999987
0.018199999999999987
0.018299999999999986
0.018399999999999986
0.018399999999999986
0.018499999999999985
0.018499999999999985
0.018399999999999986
0.018399999999999986
0.018199999999999987
0.018099999999999988
0.018099999999999988
0.018199999999999987
0.018299999999999986
0.018099999999999988
0.018099999999999988
0.018099999999999988
0.018199999999999987
0.018099999999999988
0.017999999999999988
0.018199999999999987
0.018099999999999988
0.01789999999999999
0.01789999999999999
0.01789999999999999
0.01769999999999999
0.01769999999999999
0.01779999999999999
0.017999999999999988
0.018199999999999987
0.018199999999999987
0.018199999999999987
0.018099999999999988
0.018099999999999988
0.01789999999999999
0.018099999999999988
0.01789999999999999
0.018099999999999988
0.018299999999999986
0.018099999999999988
0.017999999999999988
0.018199999999999987
0.018299999999999986
0.018099999999999988
0.018299999999999986
0.018299999999999986
0.018099999999999988
0.017999999999999988
0.01779999999999999
0.01759999999999999
0.017399999999999992
0.017199999999999993
0.016999999999999994
0.016799999999999995
0.016599999999999997
0.016399999999999998
0.0162
0.016
0.0158
0.015600000000000001
0.0154
0.0152
0.015
0.014799999999999999
0.014599999999999998
0.014399999999999998
0.014199999999999997
0.014099999999999998
0.013899999999999997
0.013699999999999997
0.013499999999999996
0.013699999999999997
0.013599999999999998
0.013699999999999997
0.013899999999999997
0.013799999999999998
0.013599999999999998
0.013599999999999998
0.013799999999999998
0.013799999999999998
0.013999999999999999
0.0139
0.013699999999999999
0.013499999999999998
0.013399999999999999
0.013199999999999998
0.012999999999999998
0.012799999999999997
0.012599999999999997
0.012399999999999996
0.012199999999999996
0.011999999999999995
0.011799999999999995
0.011599999999999994
0.011399999999999993
0.011199999999999993
0.010999999999999992
0.010799999999999992
0.010599999999999991
0.01039999999999999
0.01019999999999999
0.00999999999999999
0.00979999999999999
0.009599999999999989
0.009399999999999988
0.009199999999999988
0.008999999999999987
0.008799999999999987
0.008599999999999986
0.008399999999999986
0.008199999999999985
0.007999999999999985
0.007799999999999985
0.007599999999999985
0.007399999999999986
0.007199999999999986
0.006999999999999986
0.006799999999999987
0.006599999999999987
0.006399999999999987
0.006199999999999988
0.005999999999999988
0.005799999999999988
0.005599999999999989
0.005399999999999989
0.005199999999999989
0.00499999999999999
0.00479999999999999
0.00459999999999999
0.004399999999999991
0.004199999999999991
0.003999999999999991
0.0037999999999999913
0.0035999999999999912
0.003399999999999991
0.003199999999999991
0.002999999999999991
0.002799999999999991
0.0025999999999999908
0.0023999999999999907
0.0021999999999999906
0.0019999999999999905
0.0017999999999999904
0.0015999999999999903
0.0013999999999999902
0.0011999999999999901
0.00099999999999999
0.0007999999999999901
0.0005999999999999901
0.0003999999999999901
0.0001999999999999901
0.0001
0.0001
0.0001
0.0001
0.0001
0.0001
0.0001
0.0001
0.0001
0.0001
0.0001
0.0001
0.0001
0.0001
0.0001
0.0001
0.0001
0.0001
0.0001
0.0001
0.0001
0.0001
0.0001
0.0001
0.0001
0.0001
0.0001
0.0001
0.0001
0.0001
0.0001
0.0001
0.0001
0.0001
0.0001
0.0001
0.0001
0.0001
0.0001
0.0001
0.0001
0.0001
0.0001
0.0001
0.0001
0.0001
0.0001
0.0001
0.0001
0.0001
0.0001
0.0001
0.0001
0.0001
0.0001
0.0001
0.0001
0.0001
0.0001
0.0001
0.0001
0.0001
0.0001
0.0001
0.0001
0.0001
0.0001
0.0001
0.0001
0.0001
0.0001
0.0001
0.0001
0.0001
0.0001
0.0001
0.0001
0.0001
0.0001
0.0001
0.0001
0.0001
0.0001
0.0001
0.0001
0.0001
0.0001
0.0001
0.0001
0.0001
0.0001
0.0001
0.0001
0.0001
0.0001
0.0001
0.0001
0.0001
0.0001
0.0001
0.0001
0.0001
0.0001
0.0001
0.0001
0.0001
0.0001
0.0001
0.0001
0.0001
0.0001
0.0001
0.0001
0.0001
0.0001
0.0001
0.0001
0.0001
0.0001
0.0001
0.0001
0.0001
0.0001
0.0001
0.0001
0.0001
0.0001
0.0001
0.0001
0.0001
0.0001
0.0001
0.0001
0.0001
0.0001
0.0001
0.0001
0.0001
0.0001
0.0001
0.0001
0.0001
0.0001
0.0001
0.0001
0.0001
0.0001
0.0001
0.0001
0.0001
0.0001
0.005
0.0051
0.005200000000000001
0.0054
0.0055000000000000005
0.0054
0.0056
0.0057
0.0057
0.0057
0.0059
0.0059
0.0058
0.005999999999999999
0.006199999999999999
0.006199999999999999
0.006399999999999999
0.006199999999999999
0.006399999999999999
0.006599999999999998
0.006799999999999998
0.006599999999999998
0.006799999999999998
0.006899999999999998
0.006799999999999998
0.006899999999999998
0.007099999999999998
0.007099999999999998
0.0072999999999999975
0.007099999999999998
0.007199999999999998
0.007299999999999998
0.007299999999999998
0.007299999999999998
0.007399999999999999
0.007299999999999998
0.007299999999999998
0.007199999999999998
0.007399999999999998
0.007599999999999997
0.007699999999999998
0.007899999999999997
0.007699999999999998
0.007799999999999998
0.007599999999999998
0.007599999999999998
0.007499999999999998
0.007599999999999998
0.007799999999999998
0.007899999999999997
0.007899999999999997
0.007999999999999997
0.008099999999999996
0.008099999999999996
0.008099999999999996
0.008099999999999996
0.008199999999999995
0.008199999999999995
0.008099999999999996
0.008099999999999996
0.008099999999999996
0.008299999999999997
0.008199999999999997
0.008299999999999997
0.008299999999999997
0.008299999999999997
0.008499999999999997
0.008499999999999997
0.008499999999999997
0.008599999999999997
0.008699999999999996
0.008499999999999995
0.008299999999999995
0.008399999999999994
0.008599999999999995
0.008799999999999995
0.008799999999999995
0.008599999999999995
0.008599999999999995
0.008599999999999995
0.008599999999999995
0.008799999999999995
0.008999999999999996
0.008899999999999996
0.008699999999999996
0.008499999999999995
0.008399999999999996
0.008499999999999995
0.008499999999999995
0.008699999999999996
0.008799999999999995
0.008699999999999996
0.008499999999999995
0.008499999999999995
0.008699999999999996
0.008799999999999995
0.008699999999999996
0.008699999999999996
0.008699999999999996
0.008599999999999997
0.008499999999999997
0.008699999999999998
0.008799999999999997
0.008899999999999996
0.008999999999999996
0.009199999999999996
0.008999999999999996
0.008999999999999996
0.008999999999999996
0.008899999999999996
0.008799999999999997
0.008899999999999996
0.008699999999999996
0.008899999999999996
0.009099999999999997
0.009299999999999998
0.009399999999999997
0.009499999999999996
0.009499999999999996
0.009599999999999996
0.009499999999999996
0.009699999999999997
0.009799999999999996
0.009799999999999996
0.009999999999999997
0.009999999999999997
0.010199999999999997
0.010399999999999998
0.010499999999999997
0.010599999999999997
0.010399999999999996
0.010199999999999996
0.009999999999999995
0.009999999999999995
0.009899999999999996
0.009799999999999996
0.009999999999999997
0.010099999999999996
0.010199999999999996
0.010299999999999995
0.010199999999999996
0.009999999999999995
0.009799999999999994
0.009799999999999994
0.009599999999999994
0.009799999999999994
0.009999999999999995
0.009999999999999995
0.009899999999999996
0.009999999999999995
0.010199999999999996
0.010199999999999996
0.010199999999999996
0.010199999999999996
0.010299999999999995
0.010399999999999994
0.010599999999999995
0.010699999999999994
0.010899999999999995
0.010899999999999995
0.010799999999999995
0.010899999999999995
0.011099999999999995
0.011199999999999995
0.011399999999999995
0.011499999999999995
0.011299999999999994
0.011299999999999994
0.011199999999999995
0.011399999999999995
0.011399999999999995
0.011499999999999995
0.011599999999999994
0.011499999999999995
0.011699999999999995
0.011899999999999996
0.011999999999999995
0.012199999999999996
0.012399999999999996
0.012399999999999996
0.012299999999999997
0.012399999999999996
0.012599999999999997
0.012799999999999997
0.012799999999999997
0.012899999999999997
0.012999999999999996
0.013199999999999996
0.013399999999999997
0.013599999999999998
0.013699999999999997
0.013599999999999998
0.013599999999999998
0.013499999999999998
0.013499999999999998
0.013499999999999998
0.013399999999999999
0.0133
0.013099999999999999
0.012899999999999998
0.013099999999999999
0.013
0.012799999999999999
0.013
0.013
0.0129
0.013
0.0132
0.0133
0.013399999999999999
0.013199999999999998
0.013099999999999999
0.013099999999999999
0.013
0.013099999999999999
0.013099999999999999
0.0133
0.013399999999999999
0.0136
0.0135
0.0133
0.0132
0.0131
0.0132
0.013
0.013099999999999999
0.0133
0.0135
0.0133
0.013099999999999999
0.013199999999999998
0.013299999999999998
0.013199999999999998
0.013099999999999999
0.013199999999999998
0.013199999999999998
0.013299999999999998
0.013499999999999998
0.013399999999999999
0.0133
0.0132
0.0133
0.013399999999999999
0.013499999999999998
0.013399999999999999
0.013499999999999998
0.013699999999999999
0.013699999999999999
0.013699999999999999
0.0136
0.013399999999999999
0.013199999999999998
0.012999999999999998
0.012799999999999997
0.012899999999999997
0.013099999999999997
0.012899999999999997
0.013099999999999997
0.012899999999999997
0.012699999999999996
0.012499999999999995
0.012299999999999995
0.012099999999999994
0.011899999999999994
0.011699999999999993
0.011499999999999993
0.011299999999999992
0.011099999999999992
0.010899999999999991
0.01069999999999999
0.01049999999999999
0.01029999999999999
0.01009999999999999
0.009899999999999989
0.009699999999999988
0.009499999999999988
0.009299999999999987
0.009099999999999987
0.008899999999999986
0.008699999999999986
0.008499999999999985
0.008299999999999984
0.008099999999999984
0.007899999999999983
0.007699999999999984
0.007499999999999984
0.0072999999999999845
0.007099999999999985
0.006899999999999985
0.0066999999999999855
0.006499999999999986
0.006299999999999986
0.0060999999999999865
0.005899999999999987
0.005699999999999987
0.0054999999999999875
0.005299999999999988
0.005099999999999988
0.0048999999999999886
0.004699999999999989
0.004499999999999989
0.00429999999999999
0.00409999999999999
0.00389999999999999
0.0036999999999999898
0.0034999999999999897
0.0032999999999999896
0.0030999999999999895
0.0028999999999999894
0.0026999999999999893
0.002499999999999989
0.002299999999999989
0.002099999999999989
0.001899999999999989
0.0016999999999999888
0.0014999999999999888
0.0012999999999999887
0.0010999999999999886
0.0008999999999999886
0.0006999999999999886
0.0004999999999999886
0.00029999999999998864
9.999999999998863e-05
0.0001
0.0001
0.0001
0.0001
0.0001
0.0001
0.0001
0.0001
0.0001
0.0001
0.0001
0.0001
0.0001
0.0001
0.0001
0.0001
0.0001
0.0001
0.0001
0.0001
0.0001
0.0001
0.0001
0.0001
0.0001
0.0001
0.0001
0.0001
0.0001
0.0001
0.0001
0.0001
0.0001
0.0001
0.0001
0.0001
0.0001
0.0001
0.0001
0.0001
0.0001
0.0001
0.0001
0.0001
0.0001
0.0001
0.0001
0.0001
0.0001
0.0001
0.0001
0.0001
0.0001
0.0001
0.0001
0.0001
0.0001
0.0001
0.0001
0.0001
0.0001
0.0001
0.0001
0.0001
0.0001
0.0001
0.0001
0.0001
0.0001
0.0001
0.0001
0.0001
0.0001
0.0001
0.0001
0.0001
0.0001
0.0001
0.0001
0.0001
0.0001
0.0001
0.0001
0.0001
0.0001
0.0001
0.0001
0.0001
0.0001
0.0001
0.0001
0.0001
0.0001
0.0001
0.0001
0.0001
0.0001
0.0001
0.0001
0.0001
0.0001
0.0001
0.0001
0.0001
0.0001
0.0001
0.0001
0.0001
0.0001
0.0001
0.0001
0.0001
0.0001
0.0001
0.0001
0.0001
0.0001
0.0001
0.0001
0.0001
0.0001
0.0001
0.0001
0.0001
0.0001
0.0001
0.0001
0.0001
0.0001
0.0001
0.0001
0.0001
0.0001
0.0001
0.0001
0.0001
0.0001
0.0001
0.0001
0.0001
0.0001
0.0001
0.0001
0.0001
0.0001
0.0001
0.0001
0.0001
0.0001
0.0001
0.0001
0.0001
0.0001
0.0001
0.0001
0.0001
0.0001
0.0001
0.0001
0.0001
0.0001
0.0001
0.0001
0.0001
0.0001
0.0001
0.0001
0.0001
0.0001
0.0001
0.0001
0.0001
0.0001
0.0001
0.0001
0.0001
0.0001
0.0001
0.0001
0.0001
0.0001
0.0001
0.0001
0.0001
0.0001
0.0001
0.0001
0.0001
0.0001
