0.5087543771885943
0.5156328164082041
0.5220110055027514
0.5180090045022512
0.534392196098049
0.5441470735367684
0.5536518259129565
0.5510255127563782
0.5472736368184092
0.5519009504752376
0.5614057028514257
0.5656578289144573
0.5620310155077539
0.5719109554777388
0.5682841420710355
0.5671585792896449
0.567408704352176
0.5600300150075037
0.5656578289144573
0.5680340170085042
0.5635317658829415
0.5666583291645823
0.5642821410705353
0.5620310155077539
0.568784392196098
0.5680340170085042
0.5682841420710355
0.5681590795397699
0.5690345172586293
0.5665332666333167
0.5680340170085042
0.5656578289144573
0.5652826413206603
0.5690345172586293
0.5685342671335668
0.5679089544772387
0.5657828914457229
0.5680340170085042
0.5716608304152077
0.5699099549774888
0.5720360180090045
0.5700350175087544
0.5700350175087544
0.5767883941970986
0.572536268134067
0.5761630815407703
0.5751625812906453
0.5689094547273637
0.5760380190095048
0.5741620810405202
0.5746623311655827
0.5759129564782391
0.5736618309154577
0.5759129564782391
0.5805402701350675
0.5765382691345673
0.5822911455727864
0.5735367683841921
0.5809154577288644
0.5822911455727864
0.5810405202601301
0.5806653326663331
0.5807903951975988
0.5877938969484743
0.5874187093546773
0.5840420210105053
0.58991995997999
0.5854177088544272
0.587543771885943
0.5900450225112557
0.5929214607303652
0.5921710855427714
0.5970485242621311
0.5980490245122562
0.5944222111055528
0.6013006503251626
0.607303651825913
0.6058029014507254
0.607303651825913
0.6140570285142571
0.6149324662331166
0.6184342171085543
0.6189344672336168
0.6216858429214608
0.6251875937968985
0.6284392196098049
0.6358179089544772
0.6304402201100551
0.6325662831415708
0.6353176588294147
0.6300650325162581
0.6364432216108054
0.6395697848924462
0.6469484742371185
0.6485742871435718
0.6535767883941971
0.6503251625812907
0.6484492246123061
0.647448724362181
0.66008004002001
0.6573286643321661
0.6574537268634317
0.6599549774887443
0.6565782891445723
0.6592046023011505
0.657703851925963
0.6644572286143071
0.6645822911455728
0.6609554777388694
0.6579539769884942
0.6622061030515257
0.6659579789894947
0.6619559779889945
0.6659579789894947
0.6607053526763381
0.67096048024012
0.6680840420210105
0.6695847923961981
0.6643321660830416
0.6723361680840421
0.6700850425212607
0.6720860430215108
0.6739619809904952
0.6744622311155578
0.6767133566783392
0.6749624812406203
0.6780890445222612
0.6758379189594798
0.6817158579289645
0.678839419709855
0.6790895447723861
0.6815907953976988
0.6813406703351675
0.6807153576788394
0.682216108054027
0.6823411705852926
0.6869684842421211
0.6892196098049025
0.6912206103051526
0.6903451725862931
0.6915957978989494
0.6902201100550275
0.6929714857428715
0.6947223611805903
0.6933466733366683
0.6949724862431216
0.6948474237118559
0.7011005502751376
0.7037268634317159
0.7064782391195598
0.708104052026013
0.7092296148074037
0.7039769884942472
0.7049774887443722
0.7089794897448725
0.7173586793396698
0.7097298649324663
0.7106053026513257
0.7208604302151076
0.7168584292146073
0.7301150575287644
0.7309904952476238
0.7222361180590295
0.7297398699349675
0.7301150575287644
0.7367433716858429
0.7347423711855928
0.7398699349674838
0.7411205602801401
0.7437468734367184
0.7412456228114057
0.7469984992496248
0.7479989994997499
0.7527513756878439
0.7550025012506253
0.76088044022011
0.7573786893446723
0.7640070035017509
0.7662581290645323
0.7628814407203601
0.7628814407203601
0.7681340670335167
0.7672586293146574
0.7728864432216108
0.7730115057528765
0.7807653826913457
0.7816408204102051
0.7836418209104552
0.7803901950975488
0.7880190095047523
0.7900200100050025
0.7895197598799399
0.7895197598799399
0.7936468234117059
0.7978989494747374
0.7958979489744873
0.7981490745372687
0.8030265132566283
0.8067783891945973
0.8072786393196598
0.8100300150075037
0.8081540770385193
0.8127813906953477
0.8152826413206603
0.817783891945973
0.8214107053526764
0.8242871435717859
0.8237868934467234
0.8270385192596298
0.8270385192596298
0.8366683341670835
0.8315407703851926
0.8380440220110055
0.8326663331665833
0.8417958979489745
0.8404202101050525
0.845047523761881
0.8476738369184592
0.8479239619809905
0.848424212106053
0.8515507753876939
0.8549274637318659
0.8579289644822411
0.8563031515757878
0.8636818409204602
0.8669334667333667
0.8651825912956478
0.8685592796398199
0.8679339669834918
0.8724362181090545
0.8716858429214608
0.8760630315157579
0.8753126563281641
0.8775637818909455
0.87943971985993
0.881815907953977
0.8821910955477739
0.8826913456728365
0.8884442221110556
0.8873186593296648
0.8919459729864933
0.891695847923962
0.8965732866433217
0.8983241620810405
0.8994497248624312
0.8961980990495247
0.8980740370185093
0.9018259129564783
0.901575787893947
0.903951975987994
0.9075787893946974
0.9070785392696348
0.9113306653326664
0.9067033516758379
0.9135817908954478
0.9112056028014007
0.9148324162081041
0.916208104052026
0.9170835417708855
0.9178339169584793
0.9185842921460731
0.9217108554277138
0.9244622311155578
0.9259629814907454
0.9229614807403702
0.9282141070535268
0.9269634817408704
0.927463731865933
0.9260880440220111
0.9294647323661831
0.9335917958979489
0.9295897948974488
0.9323411705852926
0.9370935467733867
0.9360930465232616
0.9380940470235117
0.9365932966483241
0.9395947973986993
0.9385942971485743
0.9379689844922461
0.939344672336168
0.9405952976488244
0.9448474237118559
0.9457228614307154
0.9459729864932466
0.9490995497748874
0.9470985492746373
0.9499749874937469
0.9453476738369184
0.9494747373686844
0.9504752376188094
0.9542271135567784
0.9522261130565283
0.9516008004002001
0.9528514257128564
0.955727863931966
0.9527263631815908
0.9549774887443722
0.955727863931966
0.954352176088044
0.9567283641820911
0.9551025512756378
0.9551025512756378
0.9546023011505753
0.9568534267133567
0.9596048024012006
0.9556028014007003
0.958104052026013
0.9601050525262631
0.961480740370185
0.9629814907453726
0.9627313656828415
0.9626063031515758
0.9662331165582791
0.9637318659329664
0.9649824912456229
0.9653576788394197
0.9663581790895448
0.9659829914957478
0.96935967983992
0.9694847423711856
0.9694847423711856
0.9692346173086543
0.970360180090045
0.9719859929964982
0.9722361180590295
0.9717358679339669
0.9738619309654828
0.9748624312156078
0.9758629314657329
0.9739869934967483
0.9771135567783892
0.9781140570285143
0.9761130565282641
0.9767383691845923
0.9799899949974987
0.9786143071535768
0.9797398699349675
0.9796148074037019
0.9803651825912957
0.9808654327163582
0.9806153076538269
0.9824912456228114
0.9824912456228114
0.9824912456228114
0.9832416208104052
0.9833666833416709
0.9842421210605302
0.9841170585292647
0.9836168084042021
0.9834917458729364
0.9829914957478739
0.9836168084042021
0.983991995997999
0.985367683841921
0.9864932466233116
0.9861180590295148
0.9868684342171086
0.987743871935968
0.9868684342171086
0.9881190595297649
0.9882441220610305
0.9889944972486243
0.9881190595297649
0.9897448724362181
0.9888694347173587
0.9899949974987494
0.990120060030015
0.990120060030015
0.9911205602801401
0.9903701850925463
0.991495747873937
0.9913706853426714
0.9934967483741871
0.9929964982491246
0.9923711855927964
0.9932466233116558
0.993871935967984
0.9936218109054528
0.9941220610305153
0.9944972486243121
0.9943721860930466
0.9951225612806404
0.9954977488744372
0.9939969984992496
0.9951225612806404
0.9948724362181091
0.9949974987493747
0.9951225612806404
0.9958729364682342
0.9958729364682342
0.9954977488744372
0.9957478739369685
0.9954977488744372
0.9952476238119059
0.9956228114057029
0.9958729364682342
0.9959979989994997
0.9959979989994997
0.996623311655828
0.9961230615307654
0.996248124062031
0.9961230615307654
0.9964982491245623
0.9969984992496248
0.9968734367183592
0.9969984992496248
0.9969984992496248
0.9971235617808905
0.9971235617808905
0.9972486243121561
0.9977488744372186
0.9969984992496248
0.9971235617808905
0.9971235617808905
0.997623811905953
0.9972486243121561
0.9979989994997499
0.9981240620310156
0.9978739369684843
0.997623811905953
0.9979989994997499
0.9981240620310156
0.998624312156078
0.9984992496248124
0.9983741870935467
0.998624312156078
0.9983741870935467
0.9983741870935467
0.998624312156078
0.9979989994997499
0.9983741870935467
0.9987493746873437
0.9987493746873437
0.9987493746873437
0.9987493746873437
0.9987493746873437
0.9988744372186094
0.9987493746873437
0.998624312156078
0.9989994997498749
0.9988744372186094
0.998624312156078
0.9988744372186094
0.9989994997498749
0.9991245622811405
0.9989994997498749
0.9989994997498749
0.9988744372186094
0.9987493746873437
0.9987493746873437
0.9988744372186094
0.9989994997498749
0.9991245622811405
0.9991245622811405
0.9991245622811405
0.9991245622811405
0.9992496248124062
0.9991245622811405
0.9992496248124062
0.9991245622811405
0.9992496248124062
0.9993746873436719
0.9992496248124062
0.9992496248124062
0.9991245622811405
0.9992496248124062
0.9989994997498749
0.9992496248124062
0.9993746873436719
0.9993746873436719
0.9993746873436719
0.9989994997498749
0.9991245622811405
0.9992496248124062
0.9991245622811405
0.9992496248124062
0.9996248124062032
0.9994997498749375
0.9992496248124062
0.9992496248124062
0.9993746873436719
0.9996248124062032
0.9993746873436719
0.9996248124062032
0.9994997498749375
0.9992496248124062
0.9994997498749375
0.9996248124062032
0.9996248124062032
0.9996248124062032
0.9996248124062032
0.9996248124062032
0.9997498749374687
0.9996248124062032
0.9996248124062032
0.9997498749374687
0.9997498749374687
0.9996248124062032
0.9996248124062032
0.9997498749374687
0.9998749374687343
0.9997498749374687
0.9998749374687343
0.9996248124062032
0.9997498749374687
0.9997498749374687
0.9997498749374687
0.9998749374687343
0.9997498749374687
0.9997498749374687
0.9997498749374687
0.5283891945972986
0.5471485742871436
0.5556528264132066
0.5712856428214107
0.575287643821911
0.5910455227613807
0.6115557778889444
0.6064282141070535
0.6154327163581791
0.6200600300150075
0.6265632816408204
0.6293146573286643
0.631815907953977
0.64032016008004
0.6453226613306653
0.644072036018009
0.644447223611806
0.6483241620810405
0.655327663831916
0.6598299149574788
0.6643321660830416
0.6690845422711356
0.6728364182091046
0.6703351675837919
0.6782141070535268
0.6924712356178089
0.6938469234617308
0.6970985492746373
0.7092296148074037
0.7148574287143572
0.7208604302151076
0.7254877438719359
0.7351175587793897
0.743871935967984
0.7456228114057029
0.7512506253126563
0.7568784392196098
0.7631315657828914
0.7703851925962981
0.7717608804402201
0.7787643821910956
0.7865182591295647
0.7831415707853927
0.7890195097548774
0.7912706353176588
0.7977738869434717
0.801775887943972
0.806903451725863
0.8115307653826913
0.8082791395697849
0.8096548274137069
0.8159079539769885
0.8231615807903953
0.8289144572286143
0.8322911455727864
0.8320410205102551
0.8342921460730365
0.8410455227613807
0.8386693346673336
0.8410455227613807
0.8437968984492246
0.8536768384192096
0.8516758379189595
0.8510505252626314
0.8628064032016008
0.8595547773886943
0.8600550275137568
0.8584292146073037
0.8619309654827414
0.8649324662331166
0.8641820910455228
0.8684342171085543
0.8731865932966483
0.8675587793896948
0.8730615307653827
0.8744372186093047
0.8770635317658829
0.879064532266133
0.8813156578289144
0.8785642821410705
0.8856928464232116
0.8853176588294147
0.8880690345172586
0.8851925962981491
0.891695847923962
0.8914457228614308
0.8915707853926963
0.8960730365182591
0.8984492246123061
0.8979489744872436
0.8991995997998999
0.8998249124562281
0.9010755377688845
0.9038269134567284
0.9048274137068534
0.906328164082041
0.91008004002001
0.9114557278639319
0.9134567283641821
0.9130815407703852
0.9139569784892446
0.9148324162081041
0.9155827913956979
0.9158329164582291
0.9198349174587294
0.9198349174587294
0.9184592296148074
0.9208354177088545
0.9228364182091046
0.9230865432716359
0.9254627313656828
0.9265882941470736
0.9273386693346674
0.9277138569284642
0.9298399199599799
0.9304652326163082
0.9319659829914958
0.934592296148074
0.9329664832416208
0.9367183591795898
0.9357178589294647
0.9408454227113556
0.9353426713356678
0.939719859929965
0.9400950475237618
0.9408454227113556
0.9423461730865432
0.9448474237118559
0.9444722361180591
0.946848424212106
0.9464732366183092
0.947223611805903
0.9490995497748874
0.9478489244622311
0.9502251125562782
0.9523511755877939
0.950975487743872
0.9527263631815908
0.9522261130565283
0.9548524262131065
0.9536018009004502
0.957728864432216
0.9588544272136068
0.9562281140570286
0.9589794897448725
0.9608554277138569
0.9629814907453726
0.9633566783391696
0.9608554277138569
0.9648574287143572
0.9657328664332167
0.9672336168084043
0.966983491745873
0.9659829914957478
0.966983491745873
0.9676088044022011
0.9702351175587793
0.9706103051525763
0.9714857428714357
0.9714857428714357
0.9729864932466233
0.9732366183091545
0.9746123061530766
0.9736118059029515
0.9756128064032016
0.9758629314657329
0.9758629314657329
0.9782391195597799
0.9781140570285143
0.9798649324662331
0.9809904952476238
0.9799899949974987
0.9814907453726863
0.9811155577788895
0.9823661830915458
0.9831165582791396
0.9824912456228114
0.9844922461230615
0.9859929964982491
0.9868684342171086
0.9871185592796399
0.9854927463731866
0.9872436218109054
0.9864932466233116
0.9882441220610305
0.9884942471235618
0.9893696848424212
0.9897448724362181
0.9896198099049525
0.9902451225612806
0.9898699349674838
0.990120060030015
0.9909954977488744
0.9903701850925463
0.991495747873937
0.9911205602801401
0.991495747873937
0.991495747873937
0.9921210605302652
0.9929964982491246
0.9934967483741871
0.993871935967984
0.9937468734367184
0.993871935967984
0.9941220610305153
0.9946223111555778
0.9951225612806404
0.9948724362181091
0.9957478739369685
0.9948724362181091
0.9953726863431716
0.9957478739369685
0.9967483741870935
0.9964982491245623
0.996623311655828
0.9971235617808905
0.9968734367183592
0.9973736868434218
0.9973736868434218
0.9972486243121561
0.9977488744372186
0.997623811905953
0.997623811905953
0.9978739369684843
0.9977488744372186
0.9977488744372186
0.9981240620310156
0.9981240620310156
0.9978739369684843
0.9981240620310156
0.998624312156078
0.9988744372186094
0.998624312156078
0.9989994997498749
0.9987493746873437
0.9992496248124062
0.9991245622811405
0.9989994997498749
0.9991245622811405
0.9989994997498749
0.9989994997498749
0.9991245622811405
0.9993746873436719
0.9991245622811405
0.9992496248124062
0.9992496248124062
0.9991245622811405
0.9993746873436719
0.9993746873436719
0.9993746873436719
0.9993746873436719
0.9993746873436719
0.9993746873436719
0.9994997498749375
0.9993746873436719
0.9994997498749375
0.9994997498749375
0.9996248124062032
0.9994997498749375
0.9994997498749375
0.9994997498749375
0.9994997498749375
0.9994997498749375
0.9994997498749375
0.9996248124062032
0.9996248124062032
0.9996248124062032
0.9996248124062032
0.9996248124062032
0.9997498749374687
0.9997498749374687
0.9997498749374687
0.9997498749374687
0.9997498749374687
0.9997498749374687
0.9997498749374687
0.9997498749374687
0.9997498749374687
0.9997498749374687
0.9998749374687343
0.9997498749374687
0.9997498749374687
0.9997498749374687
0.9997498749374687
0.9997498749374687
0.9998749374687343
0.9998749374687343
0.9997498749374687
0.9998749374687343
0.9998749374687343
0.9998749374687343
0.9998749374687343
0.9998749374687343
0.9998749374687343
0.9998749374687343
0.9998749374687343
0.9998749374687343
0.9997498749374687
0.9998749374687343
0.9998749374687343
0.9998749374687343
0.9998749374687343
0.9998749374687343
0.9998749374687343
0.9998749374687343
0.9998749374687343
0.9998749374687343
0.9998749374687343
0.9998749374687343
0.9998749374687343
0.9998749374687343
0.9998749374687343
0.9998749374687343
0.9998749374687343
0.9998749374687343
0.9998749374687343
0.9998749374687343
0.9998749374687343
0.9998749374687343
0.9998749374687343
0.9998749374687343
0.9998749374687343
0.9998749374687343
0.9998749374687343
0.9998749374687343
0.9998749374687343
0.9998749374687343
0.9998749374687343
0.9998749374687343
0.9998749374687343
0.9998749374687343
0.9998749374687343
0.9998749374687343
0.9998749374687343
0.9998749374687343
0.9998749374687343
0.9998749374687343
0.9998749374687343
0.9998749374687343
0.9998749374687343
0.9998749374687343
0.9998749374687343
0.9998749374687343
0.9998749374687343
0.9998749374687343
0.9998749374687343
0.9998749374687343
0.9998749374687343
0.9998749374687343
0.9998749374687343
0.9998749374687343
0.9998749374687343
0.9998749374687343
0.9998749374687343
0.9998749374687343
0.9998749374687343
0.9998749374687343
0.9998749374687343
0.9998749374687343
0.9998749374687343
0.9998749374687343
0.9998749374687343
0.9998749374687343
0.9998749374687343
0.9998749374687343
0.9998749374687343
0.9998749374687343
0.9998749374687343
0.9998749374687343
0.9998749374687343
0.9998749374687343
0.9998749374687343
0.9998749374687343
0.9998749374687343
0.9998749374687343
0.9998749374687343
0.9998749374687343
0.9998749374687343
0.9998749374687343
0.9998749374687343
0.9998749374687343
0.9998749374687343
0.9998749374687343
0.9998749374687343
0.9998749374687343
0.9998749374687343
0.9998749374687343
0.9998749374687343
0.9998749374687343
0.9998749374687343
0.9998749374687343
0.9998749374687343
0.9998749374687343
0.9998749374687343
0.9998749374687343
0.9998749374687343
0.9998749374687343
0.9998749374687343
0.9998749374687343
0.9998749374687343
0.9998749374687343
0.9998749374687343
0.9998749374687343
0.9998749374687343
0.9998749374687343
0.9998749374687343
0.9998749374687343
0.9998749374687343
0.9998749374687343
0.9998749374687343
0.9998749374687343
0.9998749374687343
0.9998749374687343
0.9998749374687343
0.9998749374687343
0.9998749374687343
0.9998749374687343
0.9998749374687343
0.9998749374687343
0.9998749374687343
0.9998749374687343
0.9998749374687343
0.9998749374687343
0.9998749374687343
0.9998749374687343
0.9998749374687343
0.9998749374687343
0.9998749374687343
0.9998749374687343
0.9998749374687343
0.9998749374687343
0.9998749374687343
0.9998749374687343
0.9998749374687343
0.9998749374687343
0.9998749374687343
0.9998749374687343
0.9998749374687343
0.9998749374687343
0.9998749374687343
0.9998749374687343
0.9998749374687343
0.9998749374687343
0.9998749374687343
0.9998749374687343
0.9998749374687343
0.9998749374687343
0.9998749374687343
0.9998749374687343
0.9998749374687343
0.9998749374687343
0.9998749374687343
0.9998749374687343
0.9998749374687343
0.9998749374687343
0.9998749374687343
0.9998749374687343
0.9998749374687343
0.9998749374687343
0.9998749374687343
0.9998749374687343
0.9998749374687343
0.9998749374687343
0.9998749374687343
0.9998749374687343
0.9998749374687343
0.9998749374687343
0.9998749374687343
0.9998749374687343
0.9998749374687343
0.9998749374687343
0.9998749374687343
0.9998749374687343
0.9998749374687343
0.9998749374687343
0.9998749374687343
0.9998749374687343
0.9998749374687343
0.9998749374687343
0.9998749374687343
0.9998749374687343
0.9998749374687343
0.9998749374687343
0.9998749374687343
0.9998749374687343
0.9998749374687343
0.9998749374687343
0.9998749374687343
0.9998749374687343
0.9998749374687343
0.9998749374687343
0.9998749374687343
0.9998749374687343
0.9998749374687343
0.9998749374687343
0.9998749374687343
0.9998749374687343
0.9998749374687343
0.9998749374687343
0.9998749374687343
0.9998749374687343
0.9998749374687343
0.9998749374687343
0.9998749374687343
0.9998749374687343
0.9998749374687343
0.9998749374687343
0.9998749374687343
0.9998749374687343
0.9998749374687343
0.9998749374687343
0.9998749374687343
0.5163186194823058
0.5403276228585719
0.5628360635238214
0.5778416906339877
0.5989746154808053
0.6182318369388521
0.6366137301488058
0.6391146680005002
0.6476178566962612
0.664124046517444
0.6741277979242216
0.6815055645867201
0.6802550956608728
0.6943853945229461
0.7047642866074778
0.7050143803926472
0.7148930849068401
0.7217706639989996
0.7306489933725147
0.7364011504314117
0.7405276978867075
0.7529073402525948
0.7647867950481431
0.7709140927847943
0.7792922345879705
0.7872952357133925
0.7957984244091534
0.800925347005127
0.8094285357008878
0.8179317243966487
0.8220582718519445
0.8345629611104164
0.8314367887957984
0.8420657746654996
0.8444416656246092
0.8519444791796924
0.8578216831311742
0.8646992622233337
0.8692009503563837
0.8724521695635864
0.8758284356633738
0.8780792797298987
0.8827060147555333
0.8844566712517193
0.8862073277479054
0.8893335000625234
0.8920845316993873
0.8957108915843441
0.9005877203951482
0.9025884706765037
0.9045892209578592
0.912217081405527
0.9095910966612479
0.9103413780167563
0.9165937226459923
0.9183443791421784
0.9233462548455671
0.9245967237714143
0.9224709265974741
0.9222208328123046
0.9267225209453545
0.9312242090784044
0.9307240215080655
0.9298486932599724
0.9330999124671752
0.9346004751781918
0.938101788170564
0.941227960485182
0.9409778667000125
0.9399774915593347
0.9437288983368763
0.9437288983368763
0.9454795548330625
0.9463548830811555
0.9507315243216206
0.9514818056771289
0.950106289858697
0.9534825559584844
0.9543578842065774
0.956358634487933
0.9578591971989496
0.9542328373139928
0.9621107915468301
0.9601100412654745
0.9622358384394147
0.9628610729023384
0.9644866825059397
0.9649868700762786
0.9659872452169563
0.9663623858947105
0.9659872452169563
0.9678629486057272
0.9704889333500063
0.9692384644241591
0.9711141678129298
0.9698636988870827
0.9724896836313618
0.9724896836313618
0.9733650118794548
0.9739902463423784
0.976366137301488
0.9761160435163186
0.9778667000125046
0.9774915593347505
0.9796173565086908
0.9791171689383519
0.9797424034012755
0.9807427785419532
0.9816181067900462
0.9837439039639865
0.9832437163936476
0.9832437163936476
0.9844941853194948
0.9843691384269101
0.983993997749156
0.9861197949230962
0.9866199824934351
0.9884956858822058
0.9883706389896211
0.9876203576341128
0.98887082655996
0.9894960610228836
0.9896211079154683
0.9904964361635613
0.9891209203451294
0.9911216706264849
0.9911216706264849
0.9911216706264849
0.9916218581968238
0.9921220457671627
0.9929973740152557
0.993747655370764
0.993747655370764
0.9938727022633488
0.9934975615855945
0.9947480305114418
0.9952482180817807
0.9952482180817807
0.9952482180817807
0.9958734525447043
0.9951231711891959
0.9953732649743654
0.9954983118669501
0.9961235463298737
0.9954983118669501
0.9971239214705515
0.9962485932224584
0.9963736401150431
0.9971239214705515
0.9967487807927973
0.9971239214705515
0.9972489683631361
0.9978742028260598
0.9981242966112293
0.9974990621483056
0.9981242966112293
0.9981242966112293
0.9979992497186445
0.9983743903963986
0.9984994372889834
0.9982493435038139
0.9984994372889834
0.9986244841815681
0.9986244841815681
0.9986244841815681
0.9984994372889834
0.9986244841815681
0.9986244841815681
0.9986244841815681
0.9987495310741528
0.9986244841815681
0.9988745779667375
0.9987495310741528
0.9987495310741528
0.9987495310741528
0.9989996248593223
0.9989996248593223
0.9989996248593223
0.9992497186444916
0.999124671751907
0.999124671751907
0.9993747655370764
0.9993747655370764
0.9989996248593223
0.9993747655370764
0.9993747655370764
0.9993747655370764
0.9993747655370764
0.9993747655370764
0.9993747655370764
0.9993747655370764
0.9993747655370764
0.9993747655370764
0.9994998124296611
0.9994998124296611
0.9994998124296611
0.9994998124296611
0.9996248593222459
0.9996248593222459
0.9994998124296611
0.9994998124296611
0.9996248593222459
0.9996248593222459
0.9996248593222459
0.9996248593222459
0.9996248593222459
0.9996248593222459
0.9997499062148305
0.9996248593222459
0.9996248593222459
0.9997499062148305
0.9997499062148305
0.9997499062148305
0.9997499062148305
0.9997499062148305
0.9997499062148305
0.9997499062148305
0.9997499062148305
0.9997499062148305
0.9997499062148305
0.9997499062148305
0.9997499062148305
0.9998749531074153
0.9997499062148305
0.9997499062148305
0.9998749531074153
0.9998749531074153
0.9998749531074153
0.9998749531074153
0.9998749531074153
0.9998749531074153
0.9998749531074153
0.9998749531074153
0.9998749531074153
0.9998749531074153
0.9998749531074153
0.9998749531074153
0.9998749531074153
0.9998749531074153
0.9998749531074153
0.9998749531074153
0.9998749531074153
0.9998749531074153
0.9998749531074153
0.9998749531074153
0.9998749531074153
0.9998749531074153
0.9998749531074153
0.9998749531074153
0.9998749531074153
0.9998749531074153
0.9998749531074153
0.9998749531074153
0.9998749531074153
0.9998749531074153
0.9998749531074153
0.9998749531074153
0.9998749531074153
0.9998749531074153
0.9998749531074153
0.9998749531074153
0.9998749531074153
0.9998749531074153
0.9998749531074153
0.9998749531074153
0.9998749531074153
0.9998749531074153
0.9998749531074153
0.9998749531074153
0.9998749531074153
0.9998749531074153
0.9998749531074153
0.9998749531074153
0.9998749531074153
0.9998749531074153
0.9998749531074153
0.9998749531074153
0.9998749531074153
0.9998749531074153
0.9998749531074153
0.9998749531074153
0.9998749531074153
0.9998749531074153
0.9998749531074153
0.9998749531074153
0.9998749531074153
0.9998749531074153
1.0
0.9998749531074153
0.9998749531074153
0.9998749531074153
0.9998749531074153
1.0
0.9998749531074153
1.0
0.9998749531074153
1.0
1.0
1.0
1.0
1.0
1.0
1.0
1.0
1.0
1.0
1.0
1.0
1.0
1.0
1.0
1.0
1.0
1.0
1.0
1.0
1.0
1.0
1.0
1.0
1.0
1.0
1.0
1.0
1.0
1.0
1.0
1.0
1.0
1.0
1.0
1.0
1.0
1.0
1.0
1.0
1.0
1.0
1.0
1.0
1.0
1.0
1.0
1.0
1.0
1.0
1.0
1.0
1.0
1.0
1.0
1.0
1.0
1.0
1.0
1.0
1.0
1.0
1.0
1.0
1.0
1.0
1.0
1.0
1.0
1.0
1.0
1.0
1.0
1.0
1.0
1.0
1.0
1.0
1.0
1.0
1.0
1.0
1.0
1.0
1.0
1.0
1.0
1.0
1.0
1.0
1.0
1.0
1.0
1.0
1.0
1.0
1.0
1.0
1.0
1.0
1.0
1.0
1.0
1.0
1.0
1.0
1.0
1.0
1.0
1.0
1.0
1.0
1.0
1.0
1.0
1.0
1.0
1.0
1.0
1.0
1.0
1.0
1.0
1.0
1.0
1.0
1.0
1.0
1.0
1.0
1.0
1.0
1.0
1.0
1.0
1.0
1.0
1.0
1.0
1.0
1.0
1.0
1.0
1.0
1.0
1.0
1.0
1.0
1.0
1.0
1.0
1.0
1.0
1.0
1.0
1.0
1.0
1.0
1.0
1.0
1.0
1.0
1.0
1.0
1.0
1.0
1.0
1.0
1.0
1.0
1.0
1.0
1.0
1.0
1.0
1.0
1.0
1.0
1.0
1.0
1.0
1.0
1.0
1.0
1.0
1.0
1.0
1.0
1.0
1.0
1.0
1.0
1.0
1.0
1.0
1.0
1.0
1.0
1.0
1.0
1.0
1.0
1.0
1.0
1.0
1.0
1.0
1.0
1.0
1.0
1.0
1.0
1.0
1.0
1.0
1.0
0.5050643991496812
0.537201450543954
0.5819682380892834
0.6024759284731774
0.6242340877829186
0.6397399024634238
0.6563711391771915
0.6730023758909591
0.6862573465049393
0.6952607227710391
0.7147680380142554
0.714017756658747
0.7197699137176441
0.7292734775540828
0.7391521820682756
0.7452794798049268
0.7675378266850069
0.7615355758409403
0.776416156058522
0.7827935475803426
0.7941728148055521
0.8035513317494061
0.8141803176191071
0.8166812554708015
0.8245592097036388
0.8404401650618982
0.8463173690133801
0.8513192447167688
0.8540702763536326
0.8704514192822308
0.8672002000750282
0.8772039514818056
0.8799549831186695
0.883331249218457
0.8910841565587095
0.8952107040140053
0.9005877203951482
0.8982118294360385
0.9062148305614606
0.9112167062648493
0.913592597223959
0.9187195198199325
0.9170939102163311
0.9202200825309491
0.9267225209453545
0.9264724271601851
0.9299737401525572
0.9334750531449294
0.9388520695260723
0.9359759909966238
0.9386019757409029
0.9414780542703514
0.9433537576591222
0.9458546955108166
0.9466049768663248
0.9488558209328498
0.9489808678254346
0.9519819932474678
0.9566087282731024
0.9568588220582719
0.9553582593472553
0.959484806802551
0.9606102288358135
0.961235463298737
0.9622358384394147
0.9659872452169563
0.9677379017131424
0.9676128548205577
0.9673627610353883
0.9687382768538202
0.9673627610353883
0.9687382768538202
0.9708640740277604
0.9722395898461923
0.9734900587720395
0.9724896836313618
0.9734900587720395
0.9748655745904714
0.9744904339127173
0.9764911841940728
0.9759909966237339
0.9782418406902589
0.9803676378641991
0.9801175440790296
0.9809928723271226
0.9811179192197074
0.9819932474678005
0.9806177316493685
0.9827435288233087
0.9831186695010629
0.9821182943603851
0.983993997749156
0.9847442791046642
0.9847442791046642
0.9844941853194948
0.9851194197824185
0.9877454045266975
0.987120170063774
0.9884956858822058
0.987995498311867
0.9886207327747906
0.9886207327747906
0.9898712017006377
0.9884956858822058
0.9907465299487308
0.9903713892709766
0.9904964361635613
0.9911216706264849
0.9907465299487308
0.9923721395523322
0.9918719519819933
0.9919969988745779
0.9922470926597474
0.9922470926597474
0.9929973740152557
0.9939977491559335
0.9938727022633488
0.9939977491559335
0.994622983618857
0.9944979367262724
0.9942478429411029
0.9944979367262724
0.994622983618857
0.9952482180817807
0.9954983118669501
0.9957484056521195
0.9953732649743654
0.9952482180817807
0.9964986870076279
0.9962485932224584
0.9958734525447043
0.9966237339002125
0.9966237339002125
0.9971239214705515
0.9969988745779668
0.996873827685382
0.9969988745779668
0.9973740152557209
0.9972489683631361
0.9972489683631361
0.997749155933475
0.9978742028260598
0.9974990621483056
0.9979992497186445
0.9978742028260598
0.9979992497186445
0.9978742028260598
0.9979992497186445
0.9982493435038139
0.9978742028260598
0.9983743903963986
0.9981242966112293
0.9984994372889834
0.9984994372889834
0.9986244841815681
0.9987495310741528
0.9984994372889834
0.9988745779667375
0.999124671751907
0.9989996248593223
0.9988745779667375
0.999124671751907
0.999124671751907
0.9994998124296611
0.999124671751907
0.9992497186444916
0.9992497186444916
0.9993747655370764
0.9993747655370764
0.9994998124296611
0.9993747655370764
0.9994998124296611
0.9996248593222459
0.9994998124296611
0.9994998124296611
0.9994998124296611
0.9996248593222459
0.9996248593222459
0.9996248593222459
0.9996248593222459
0.9996248593222459
0.9997499062148305
0.9997499062148305
0.9997499062148305
0.9997499062148305
0.9997499062148305
0.9997499062148305
0.9997499062148305
0.9997499062148305
0.9998749531074153
0.9998749531074153
0.9998749531074153
0.9998749531074153
0.9998749531074153
0.9998749531074153
0.9998749531074153
0.9998749531074153
0.9998749531074153
1.0
0.9998749531074153
0.9998749531074153
0.9998749531074153
0.9998749531074153
0.9998749531074153
0.9998749531074153
0.9998749531074153
0.9998749531074153
0.9998749531074153
0.9998749531074153
0.9998749531074153
1.0
1.0
1.0
1.0
1.0
1.0
1.0
0.9998749531074153
0.9998749531074153
1.0
1.0
1.0
1.0
1.0
1.0
1.0
1.0
1.0
1.0
1.0
1.0
1.0
1.0
1.0
1.0
1.0
1.0
1.0
1.0
1.0
1.0
1.0
1.0
1.0
1.0
1.0
1.0
1.0
1.0
1.0
1.0
1.0
1.0
1.0
1.0
1.0
1.0
1.0
1.0
1.0
1.0
1.0
1.0
1.0
1.0
1.0
1.0
1.0
1.0
1.0
1.0
1.0
1.0
1.0
1.0
1.0
1.0
1.0
1.0
1.0
1.0
1.0
1.0
1.0
1.0
1.0
1.0
1.0
1.0
1.0
1.0
1.0
1.0
1.0
1.0
1.0
1.0
1.0
1.0
1.0
1.0
1.0
1.0
1.0
1.0
1.0
1.0
1.0
1.0
1.0
1.0
1.0
1.0
1.0
1.0
1.0
1.0
1.0
1.0
1.0
1.0
1.0
1.0
1.0
1.0
1.0
1.0
1.0
1.0
1.0
1.0
1.0
1.0
1.0
1.0
1.0
1.0
1.0
1.0
1.0
1.0
1.0
1.0
1.0
1.0
1.0
1.0
1.0
1.0
1.0
1.0
1.0
1.0
1.0
1.0
1.0
1.0
1.0
1.0
1.0
1.0
1.0
1.0
1.0
1.0
1.0
1.0
1.0
1.0
1.0
1.0
1.0
1.0
1.0
1.0
1.0
1.0
1.0
1.0
1.0
1.0
1.0
1.0
1.0
1.0
1.0
1.0
1.0
1.0
1.0
1.0
1.0
1.0
1.0
1.0
1.0
1.0
1.0
1.0
1.0
1.0
1.0
1.0
1.0
1.0
1.0
1.0
1.0
1.0
1.0
1.0
1.0
1.0
1.0
1.0
1.0
1.0
1.0
1.0
1.0
1.0
1.0
1.0
1.0
1.0
1.0
1.0
1.0
1.0
1.0
1.0
1.0
1.0
1.0
1.0
1.0
1.0
1.0
1.0
1.0
1.0
1.0
1.0
1.0
1.0
1.0
1.0
1.0
1.0
1.0
1.0
1.0
1.0
1.0
1.0
1.0
1.0
1.0
1.0
1.0
1.0
1.0
1.0
1.0
1.0
1.0
1.0
1.0
1.0
1.0
1.0
1.0
1.0
1.0
1.0
1.0
1.0
1.0
1.0
1.0
1.0
1.0
1.0
1.0
1.0
1.0
1.0
1.0
1.0
1.0
1.0
1.0
1.0
1.0
1.0
1.0
1.0
1.0
1.0
1.0
1.0
1.0
1.0
1.0
1.0
1.0
1.0
1.0
1.0
1.0
1.0
1.0
